Time	A1	A2	A3	A4	A5	A6	A7	A8	A9	A10	A11	A12	B1	B2	B3	B4	B5	B6	B7	B8	B9	B10	B11	B12	C1	C2	C3	C4	C5	C6	C7	C8	C9	C10	C11	C12	D1	D2	D3	D4	D5	D6	D7	D8	D9	D10	D11	D12	E1	E2	E3	E4	E5	E6	E7	E8	E9	E10	E11	E12	F1	F2	F3	F4	F5	F6	F7	F8	F9	F10	F11	F12	G1	G2	G3	G4	G5	G6	G7	G8	G9	G10	G11	G12	H1	H2	H3	H4	H5	H6	H7	H8	H9	H10	H11	H12
0:08:37	120	105	84	106	90	88	97	0	0	1	3	8	28	21	32	30	11	20	27	0	5	9	0	4	41	23	27	25	28	16	31	40	0	0	7	0	35	24	6	14	4	6	23	0	0	0	0	0	27	10	20	10	4	22	24	20	5	5	0	7	7	15	16	15	3	17	13	0	5	9	6	7	17	10	9	18	9	13	17	14	0	5	0	15	10	2	0	0	0	5	15	0	21	1	0	10
0:18:37	111	107	88	99	108	101	103	5	11	0	0	0	41	28	25	26	26	28	32	7	4	3	2	1	27	29	24	12	22	24	30	37	0	2	4	10	10	16	11	12	21	21	12	0	6	2	0	0	10	9	11	15	14	2	9	7	17	6	5	0	8	19	30	11	10	12	7	0	0	17	4	0	8	10	13	14	23	15	18	19	7	3	0	3	0	4	0	8	8	0	0	2	6	0	6	11
0:28:37	102	118	111	97	84	80	99	3	0	1	12	9	23	30	26	28	18	25	16	0	13	3	0	0	28	35	31	15	27	32	8	16	2	0	10	8	18	9	18	15	5	16	20	1	6	2	3	6	19	7	17	15	0	24	17	13	0	0	0	8	12	19	4	20	18	18	28	1	0	0	0	5	12	20	16	11	21	26	2	13	4	11	1	4	4	2	7	6	8	0	11	0	3	0	0	4
0:38:37	127	107	93	111	93	107	93	5	10	0	12	1	24	41	12	22	26	32	32	3	0	0	22	0	14	34	22	28	12	17	33	23	0	5	11	0	9	13	10	20	21	8	21	5	0	3	0	4	22	10	14	8	22	15	13	6	12	9	13	3	16	19	24	25	16	10	23	0	0	7	7	0	22	24	18	25	11	18	15	11	0	0	6	8	3	0	1	7	10	0	0	8	0	5	0	0
0:48:37	111	120	119	110	108	102	110	0	0	15	11	0	27	23	13	29	32	34	33	3	10	0	14	0	36	33	26	29	24	33	26	30	16	0	3	0	16	20	7	11	21	15	11	0	0	7	13	0	17	6	18	8	9	23	20	6	10	0	8	0	20	8	19	17	17	18	8	0	10	8	0	0	11	20	25	16	12	2	12	22	0	0	0	11	1	0	18	4	5	10	1	0	0	0	2	3
0:58:37	110	114	104	88	100	108	120	6	8	9	9	0	37	17	35	15	19	36	46	0	0	0	0	3	29	24	27	32	28	25	35	16	6	0	0	10	24	12	10	21	26	18	8	1	6	4	7	0	25	3	17	6	11	14	12	22	2	4	3	3	23	21	19	10	12	13	9	16	6	7	10	1	10	6	19	2	11	4	18	21	4	2	2	0	9	12	6	0	0	8	9	0	6	0	3	3
1:08:37	115	133	111	121	113	109	107	9	10	9	11	7	22	19	27	29	23	33	29	0	0	0	8	9	35	26	23	34	38	24	36	24	0	10	10	6	15	8	11	8	10	22	14	0	10	3	0	0	15	20	11	16	11	14	13	9	1	0	4	7	7	9	8	17	19	15	6	0	9	5	0	0	13	21	24	12	19	13	15	12	10	0	4	5	0	0	6	0	0	2	11	12	2	0	7	0
1:18:37	103	127	98	118	105	96	84	0	2	0	12	10	18	27	37	28	32	8	18	3	4	0	0	0	20	26	29	29	23	18	36	21	17	0	5	8	10	8	7	24	20	11	25	7	0	0	21	4	9	17	24	20	6	31	12	7	0	0	8	3	11	33	9	25	10	9	8	0	15	16	8	0	12	15	12	15	7	10	10	2	8	6	4	4	1	4	1	16	1	9	0	15	0	8	14	6
1:28:37	114	132	110	125	85	96	114	3	5	12	0	2	27	26	28	32	29	27	35	0	16	0	6	12	35	35	28	19	29	22	25	33	5	0	9	7	15	8	18	5	15	17	3	1	10	0	3	0	18	14	17	9	11	21	21	25	0	0	0	3	7	8	10	21	24	7	13	0	6	3	10	0	12	10	10	28	7	24	19	6	0	3	0	0	8	1	12	0	0	3	0	1	0	0	2	0
1:38:37	118	111	111	111	118	104	103	0	0	0	8	0	29	22	21	32	29	32	28	11	4	0	12	8	28	39	26	23	33	42	31	22	1	0	0	10	25	15	12	26	28	16	12	4	0	0	11	0	1	18	13	0	7	6	4	10	9	5	0	0	12	9	9	23	27	18	15	0	18	0	0	0	15	11	11	15	12	14	9	16	2	0	3	11	0	1	0	14	0	4	0	0	0	9	0	11
1:48:37	126	109	113	119	104	105	102	0	6	0	0	1	31	20	26	21	27	22	39	0	13	4	8	0	28	29	33	32	39	38	22	30	5	3	0	0	11	2	4	12	15	10	9	2	0	4	0	0	15	12	9	19	12	8	13	7	6	0	0	15	28	14	11	13	0	3	27	8	0	0	15	0	17	8	13	12	9	15	15	0	14	0	0	0	2	9	0	19	0	0	0	3	3	2	2	12
1:58:37	109	120	101	110	112	96	105	5	12	0	0	0	25	27	20	31	27	15	21	5	3	0	3	2	20	9	18	44	24	29	21	23	0	4	5	0	21	11	13	16	17	22	23	7	4	5	5	0	12	23	6	3	5	21	21	33	0	3	0	7	23	32	11	10	9	14	2	12	0	0	11	0	10	12	15	0	16	10	13	20	0	3	8	0	0	0	0	2	0	4	0	12	8	3	1	0
2:08:37	121	125	108	116	104	114	108	8	0	4	0	8	19	27	37	37	28	27	32	0	9	3	2	0	21	25	33	25	31	27	16	14	0	1	0	4	22	7	11	21	18	11	8	4	5	5	5	5	20	14	0	22	12	11	4	10	9	5	8	8	23	20	16	22	17	11	7	0	0	8	0	0	20	6	13	26	15	11	17	18	1	9	3	9	7	4	3	7	0	15	0	11	1	0	12	0
2:18:37	105	128	109	128	113	121	107	2	6	0	18	4	23	11	30	16	26	29	31	8	0	0	0	11	21	7	33	33	25	32	25	36	4	4	1	8	18	0	20	18	8	15	8	0	3	11	4	3	9	24	17	13	19	9	9	29	9	0	8	0	10	25	11	13	19	18	18	6	0	7	0	6	19	9	30	7	14	12	23	19	8	13	12	2	1	11	0	10	10	0	19	10	0	15	2	7
2:28:37	105	133	96	126	108	106	118	11	8	1	0	18	9	25	31	30	25	29	36	2	8	3	2	0	19	13	22	35	11	34	25	20	0	0	14	15	20	21	8	15	19	23	6	0	0	1	0	0	11	12	15	21	7	23	15	5	6	0	5	0	6	19	17	6	19	5	14	6	0	7	0	0	8	16	12	8	16	29	38	8	6	0	11	1	5	3	0	13	9	4	0	13	5	2	11	0
2:38:37	126	115	106	114	106	107	116	3	0	0	12	0	22	21	22	37	17	22	35	0	0	0	4	4	32	24	22	18	33	19	34	30	3	11	0	11	22	17	13	16	15	12	16	4	7	9	3	0	11	8	21	11	3	13	9	26	3	7	0	2	12	20	21	11	5	10	16	4	0	0	0	0	6	6	17	19	17	14	2	9	0	0	4	0	0	0	5	0	0	11	5	5	1	8	0	6
2:48:37	124	121	106	109	119	112	112	5	0	4	6	10	18	38	14	20	21	36	41	0	4	6	0	2	26	20	25	18	24	20	29	34	10	0	2	0	16	6	4	17	13	10	22	0	3	3	0	14	11	13	21	17	6	8	18	12	8	2	9	10	7	8	8	8	10	25	2	15	0	0	0	10	12	20	16	19	13	12	10	18	0	4	16	0	13	5	6	4	0	11	3	4	8	9	0	0
2:58:37	113	125	116	111	122	115	112	4	0	11	0	0	30	39	38	24	22	23	31	4	0	0	4	3	33	32	25	17	23	24	19	28	6	18	0	6	12	16	20	13	9	20	10	1	0	0	0	8	13	16	10	14	14	22	20	17	3	2	4	0	13	4	14	18	24	20	16	0	0	8	0	0	5	15	22	18	21	12	22	18	0	0	2	3	0	0	0	12	0	4	4	4	0	4	0	10
3:08:37	145	121	119	119	111	100	103	2	8	2	2	12	27	37	25	31	15	35	34	0	5	9	0	0	14	24	38	15	24	30	29	28	0	12	0	0	7	13	18	12	2	0	6	0	0	0	6	0	1	10	7	8	22	26	3	20	5	0	0	11	6	8	13	16	13	4	12	0	12	7	0	10	15	21	15	7	3	14	18	19	0	9	3	0	0	8	3	7	1	0	0	3	0	3	0	0
3:18:37	119	116	109	120	114	114	119	5	6	2	0	0	21	34	33	27	30	38	28	7	0	0	2	4	22	31	25	17	26	28	18	24	3	0	0	2	12	14	23	20	10	16	15	0	0	0	9	2	12	21	21	13	13	24	14	7	0	6	0	0	6	10	11	19	19	19	12	0	0	0	1	7	5	13	17	5	13	9	23	5	0	0	15	0	13	0	0	0	3	15	0	9	11	0	4	0
3:28:37	135	122	106	113	122	104	116	0	6	20	0	3	22	21	33	22	36	33	39	0	0	0	13	12	16	15	20	25	30	19	36	26	0	0	2	0	29	15	9	10	9	10	19	4	7	19	4	0	21	6	19	17	20	21	8	14	1	10	0	5	10	14	9	6	2	4	19	2	15	12	11	0	8	5	18	21	23	14	12	13	6	11	1	0	1	8	0	0	0	14	0	0	4	8	7	3
3:38:37	119	135	118	103	122	103	120	4	0	2	5	10	30	37	34	27	28	21	46	6	9	0	7	9	31	25	22	38	24	29	19	27	0	0	2	0	7	20	10	14	6	26	12	3	0	0	0	0	15	22	13	9	21	10	21	13	0	0	3	0	18	17	15	4	8	10	10	0	2	13	7	0	16	20	9	15	19	11	13	18	11	21	0	0	0	4	0	4	11	11	0	8	0	2	0	0
3:48:37	146	134	114	129	107	107	116	7	5	0	4	3	39	43	19	38	13	41	41	14	3	19	2	10	27	34	19	24	19	17	25	30	2	6	14	2	22	13	16	8	18	14	28	11	0	7	0	0	14	3	15	22	15	19	15	21	0	0	9	0	21	15	22	4	10	20	17	3	12	5	0	0	12	19	15	12	3	6	15	13	0	0	6	3	2	15	0	0	6	14	4	0	10	8	0	11
3:58:37	130	127	110	124	112	131	113	0	11	1	0	0	27	29	6	27	27	47	46	1	0	9	3	0	26	24	24	34	34	33	15	19	0	0	0	9	14	9	9	8	8	21	23	2	0	1	1	0	19	29	10	13	3	9	21	14	7	2	0	0	14	17	12	18	20	11	15	0	0	3	0	14	10	17	7	6	5	6	6	21	0	11	0	0	13	1	0	9	5	0	12	9	1	4	0	0
4:08:37	132	162	116	136	124	120	131	0	0	7	0	6	49	24	18	38	25	38	51	2	9	16	8	0	23	38	16	34	38	34	25	19	0	0	10	0	26	16	20	20	16	13	9	0	1	3	3	9	21	13	8	5	4	8	23	5	0	0	0	0	10	14	16	17	18	19	3	1	0	1	0	0	22	15	17	16	15	13	20	13	0	0	6	0	3	0	4	11	5	4	0	0	0	0	6	11
4:18:37	129	136	130	132	133	125	129	0	3	6	0	4	9	31	38	31	21	60	50	0	0	10	4	9	28	33	16	31	20	27	41	19	13	0	10	6	11	3	12	14	26	4	35	0	7	7	1	0	21	18	5	17	11	12	27	20	0	7	15	17	11	18	31	26	13	15	16	4	6	0	0	3	10	8	22	18	25	6	13	10	3	0	8	0	4	0	0	14	0	12	0	0	0	6	1	2
4:28:37	133	157	143	121	131	140	142	1	6	0	0	8	27	29	23	38	35	46	47	0	0	0	3	2	41	34	24	26	30	26	17	27	12	0	0	0	17	18	2	15	11	14	16	11	7	5	4	0	5	25	12	8	14	17	16	0	7	3	4	0	13	17	10	14	16	21	19	9	0	0	0	7	14	17	17	14	13	18	21	20	4	5	0	0	0	13	7	5	5	5	0	0	0	0	16	2
4:38:37	141	143	123	152	133	140	146	0	0	2	6	0	29	36	29	34	29	58	60	0	0	0	8	5	18	22	32	27	35	25	29	13	0	2	9	0	0	13	20	9	19	9	14	0	0	0	8	3	12	7	11	27	14	20	22	22	4	0	5	2	15	8	12	9	23	11	3	11	0	11	0	7	14	9	11	17	6	12	4	19	1	0	1	0	2	8	1	2	1	10	13	4	2	3	7	0
4:48:37	142	161	139	131	138	135	146	0	0	0	0	11	23	28	36	41	24	57	79	0	1	5	0	0	36	30	32	20	32	15	18	23	3	0	0	4	18	17	15	12	20	24	19	7	0	3	0	4	17	12	16	16	14	3	8	13	0	0	13	4	12	28	8	21	11	22	26	10	1	15	4	2	16	16	7	10	22	8	26	13	0	0	0	3	3	7	4	0	0	10	0	0	0	0	5	4
4:58:37	155	168	140	164	153	134	126	0	14	3	0	10	26	25	21	36	31	59	56	0	0	1	0	3	35	22	37	32	32	16	28	28	9	0	8	0	16	10	21	4	14	14	26	0	11	0	4	0	15	12	20	21	13	18	21	22	12	7	1	5	10	23	18	19	10	24	24	0	0	0	4	0	14	29	9	8	6	15	21	19	11	12	0	5	10	8	11	10	8	0	0	1	2	0	9	0
5:08:37	178	197	142	144	165	144	163	13	3	0	0	13	29	32	31	36	25	62	74	0	0	0	0	3	23	23	31	18	22	26	15	23	0	17	0	5	9	20	23	21	21	9	8	6	4	4	5	14	19	17	15	21	16	12	8	20	0	0	5	0	10	14	12	17	26	19	5	4	0	0	0	9	20	4	21	14	11	20	15	32	5	17	0	7	4	6	0	7	10	12	7	12	3	0	9	12
5:18:37	202	214	169	208	188	168	182	2	0	0	2	0	37	36	23	49	26	58	64	0	0	0	4	0	26	33	34	20	18	30	18	22	0	4	7	7	21	17	17	8	10	11	12	6	4	2	0	0	18	7	18	10	11	6	16	7	0	0	3	2	12	15	4	10	22	28	17	8	0	0	0	2	14	23	2	15	6	10	9	13	12	0	0	7	0	10	7	0	2	0	9	2	6	1	0	3
5:28:37	238	238	197	215	219	194	211	0	4	7	0	4	44	27	22	44	33	70	84	13	0	11	1	0	32	36	29	33	25	27	29	20	0	2	3	3	19	19	1	17	8	24	20	0	17	9	6	5	0	18	18	29	14	7	8	18	3	3	0	0	5	31	11	15	6	14	26	0	6	2	9	7	0	28	20	25	9	9	0	15	4	0	0	1	0	0	0	14	7	4	8	0	5	1	2	0
5:38:37	267	269	223	253	254	213	238	0	5	7	0	7	29	31	27	54	33	75	81	0	8	2	3	2	28	39	44	21	17	22	25	21	5	0	3	0	5	11	7	7	22	14	8	10	9	6	9	0	14	14	14	14	16	12	4	11	2	0	11	7	16	15	18	13	8	11	12	0	3	0	0	0	12	20	10	14	19	17	14	29	1	1	0	0	0	2	0	12	2	3	6	0	6	0	0	0
5:48:37	289	303	264	298	296	263	309	0	8	0	8	0	28	43	32	52	31	76	91	0	4	0	1	1	35	22	45	28	19	24	22	20	10	10	1	0	17	26	20	17	28	7	20	0	3	12	14	0	19	23	7	22	22	0	12	13	4	7	7	0	0	5	15	24	13	20	20	0	1	8	6	8	13	13	18	11	14	26	22	17	0	0	0	0	0	2	5	14	0	0	7	0	6	0	0	0
5:58:37	335	315	292	322	318	291	319	4	0	13	0	18	25	24	28	53	25	87	109	0	1	3	2	10	28	31	46	26	24	22	34	23	0	2	0	6	17	19	21	2	27	18	9	6	2	0	1	4	21	11	26	6	17	21	19	8	3	0	12	13	17	26	11	18	21	11	11	5	3	6	2	10	14	19	18	7	17	14	4	19	9	2	0	10	0	0	0	15	7	0	11	11	6	0	0	11
6:08:37	309	319	318	355	344	320	351	0	2	8	7	0	37	39	26	73	33	99	125	4	0	0	0	0	31	20	40	35	22	22	30	20	12	11	0	0	13	3	16	21	26	10	17	3	0	3	7	1	21	5	22	27	15	13	15	22	0	0	0	0	14	12	13	25	8	19	20	0	0	7	0	15	12	16	22	9	20	13	20	7	0	0	9	6	5	5	0	1	0	11	2	2	0	0	0	0
6:18:37	332	366	325	348	355	346	365	0	8	1	10	0	22	49	31	81	31	121	138	3	1	0	0	2	31	47	38	34	30	32	10	21	8	1	0	1	11	23	21	19	6	17	15	4	0	5	0	0	7	9	0	11	18	10	10	15	0	12	2	0	14	15	17	11	13	24	18	0	0	5	8	0	4	15	7	15	23	20	19	5	21	7	0	7	8	10	7	2	7	0	13	0	5	0	0	1
6:28:37	346	374	376	353	355	376	372	0	5	0	3	0	29	50	60	99	28	144	157	0	0	12	10	0	36	39	30	29	18	24	10	34	0	0	0	0	18	12	18	12	14	15	29	0	3	6	11	5	25	21	12	6	18	15	15	2	7	0	0	7	31	25	29	16	14	18	19	17	12	0	9	2	26	12	17	33	9	7	12	16	3	7	0	1	3	11	0	7	11	0	0	0	4	0	3	13
6:38:37	359	365	354	393	374	389	398	9	7	6	0	1	31	37	45	104	46	161	173	0	0	0	0	0	31	44	30	29	32	12	27	12	0	0	6	12	9	13	20	15	10	17	14	0	5	4	13	0	17	28	20	19	24	6	25	14	3	3	0	10	20	0	7	10	13	9	0	0	0	4	0	0	3	8	21	14	12	29	14	12	0	11	10	0	0	0	8	13	11	2	0	13	8	0	0	9
6:48:37	362	379	390	404	368	385	414	9	0	0	0	9	39	46	52	121	40	174	218	0	10	0	0	4	45	52	39	18	25	26	30	32	9	0	1	2	27	11	21	27	21	21	0	10	0	0	9	0	34	13	24	32	21	9	25	12	6	3	0	0	13	26	17	19	11	25	9	5	7	0	0	0	21	0	21	15	11	6	2	24	4	0	6	0	0	0	5	11	10	0	2	4	0	0	0	14
6:58:37	369	411	377	410	373	402	407	6	5	0	14	0	43	53	48	125	36	196	213	0	0	4	7	0	49	40	43	29	23	22	3	33	0	1	0	6	16	20	21	17	25	23	3	0	0	12	3	0	21	8	10	31	20	11	21	22	1	0	0	4	12	13	19	16	12	8	13	1	10	2	10	0	3	27	28	10	19	14	16	16	3	7	3	0	4	5	8	0	0	0	0	9	11	5	0	0
7:08:37	358	401	380	394	398	431	406	10	4	6	6	5	41	54	63	136	36	206	212	0	9	1	0	7	41	42	36	22	26	22	22	24	0	1	0	1	18	7	20	22	5	12	19	8	1	0	5	1	27	20	28	13	3	21	20	15	0	6	0	6	15	24	15	21	21	11	29	2	2	0	0	0	17	29	25	18	8	16	16	18	15	2	0	3	0	0	5	1	0	8	5	12	2	3	11	1
7:18:37	379	405	384	394	386	407	432	8	0	0	0	0	40	56	59	141	38	192	226	12	0	1	8	3	42	46	34	19	28	12	20	17	0	0	4	0	27	14	21	18	15	12	22	0	0	0	0	0	20	13	23	11	11	21	18	13	0	8	0	0	16	6	12	24	19	14	28	13	16	0	0	0	21	22	16	13	17	7	17	12	4	3	0	0	0	5	3	2	0	0	5	0	0	13	0	6
7:28:37	404	414	420	422	415	415	425	0	0	2	8	2	37	56	58	135	41	206	229	9	0	0	0	0	54	42	45	25	21	22	33	32	3	6	3	0	22	18	12	17	13	24	23	6	0	0	3	0	12	26	15	17	14	13	12	13	2	1	0	9	13	7	20	17	35	1	8	3	6	0	0	0	14	20	5	25	24	18	21	29	8	13	15	0	0	0	4	19	10	7	0	0	0	1	0	1
7:38:37	382	426	413	397	405	435	432	0	0	0	0	0	54	48	53	154	45	212	230	5	0	6	0	1	47	47	54	29	26	21	27	42	7	8	0	0	10	27	25	16	7	19	14	6	4	0	4	4	7	24	22	2	8	16	9	7	0	2	1	14	13	25	8	21	22	20	26	0	11	1	16	0	16	8	16	18	3	10	13	16	4	0	0	0	6	15	7	22	3	2	8	5	0	0	6	0
7:48:37	411	431	387	430	423	437	446	17	0	9	1	2	35	46	70	129	44	211	244	0	3	0	0	0	49	48	47	26	23	25	12	32	5	0	0	0	25	11	8	20	10	28	13	0	2	2	3	14	3	18	29	2	10	30	25	21	0	9	0	1	14	16	8	25	17	9	8	11	5	3	0	0	22	19	25	7	13	19	13	16	1	0	1	9	0	0	6	0	5	0	5	11	0	4	3	11
7:58:37	410	430	398	428	421	442	453	8	0	5	0	7	56	45	58	135	44	221	236	14	0	6	4	15	49	49	59	25	23	35	27	19	0	7	0	0	12	39	24	18	29	15	9	0	0	2	7	8	19	22	17	27	23	22	20	15	8	3	7	9	7	4	15	24	12	15	16	8	11	5	0	0	14	13	19	29	9	23	12	23	0	8	0	0	0	0	2	2	0	2	3	0	0	5	0	0
8:08:37	414	424	415	449	440	436	445	21	7	12	0	11	46	68	55	136	48	214	241	18	4	0	0	0	49	57	49	24	31	25	30	30	0	15	2	6	18	19	22	9	21	15	13	0	3	0	0	0	17	20	17	15	13	19	16	10	0	3	5	3	19	15	12	15	15	14	21	0	0	7	6	9	21	12	14	31	17	29	5	0	12	2	0	15	4	0	0	14	0	0	2	11	0	0	1	0
8:18:37	410	427	431	459	445	462	452	0	0	12	0	0	54	63	56	143	56	202	239	6	10	2	10	0	50	41	59	33	33	26	20	21	1	0	0	5	15	18	17	12	11	23	21	0	0	0	5	8	18	20	25	29	10	21	18	12	5	0	7	11	13	15	18	21	19	7	6	0	10	2	0	0	17	29	8	20	31	14	11	22	4	1	4	0	6	0	0	1	15	0	2	8	0	0	7	0
8:28:37	423	442	434	445	428	452	465	0	0	4	1	0	42	66	59	164	38	226	256	0	3	13	12	0	46	39	47	36	28	5	17	30	0	4	0	17	20	21	8	22	17	3	22	1	12	4	5	0	25	15	22	13	4	19	22	21	0	2	11	2	18	6	24	20	18	23	4	0	3	0	0	7	21	29	14	28	12	18	7	18	0	4	3	0	0	0	0	0	0	15	3	0	0	0	0	7
8:38:37	428	435	444	457	452	455	473	1	0	0	0	5	55	54	82	135	57	212	244	0	0	0	1	15	47	51	40	25	27	23	25	25	0	1	16	0	30	17	19	15	21	15	11	9	6	0	0	4	17	29	20	4	11	16	3	7	5	0	4	3	26	21	23	13	17	14	15	0	0	7	16	3	17	12	19	23	13	22	25	22	1	3	10	9	1	0	0	5	0	0	4	3	2	2	0	0
8:48:37	433	446	453	469	440	472	485	9	1	5	12	0	48	56	76	146	58	202	251	5	3	8	5	0	55	57	49	38	34	18	21	36	15	7	14	11	14	20	7	15	25	7	15	0	0	13	0	8	30	12	15	9	19	17	15	19	4	10	6	1	19	3	12	21	11	23	16	7	12	11	0	16	22	12	22	19	11	12	16	15	1	5	7	8	11	0	1	14	2	6	0	0	0	3	0	4
8:58:37	430	458	462	468	449	442	473	8	0	0	2	1	43	57	62	148	52	208	261	0	5	14	0	1	45	52	55	27	27	35	24	20	0	0	0	3	27	14	20	27	14	19	28	14	4	12	6	0	2	5	17	9	10	8	18	15	1	0	0	0	21	11	28	19	24	2	25	7	0	0	0	4	21	16	15	14	16	20	14	15	7	6	7	1	7	9	0	0	12	0	0	21	3	0	12	0
9:08:37	448	449	453	491	442	489	488	0	0	0	0	12	48	59	61	141	56	222	245	11	6	0	0	5	67	52	51	21	22	16	19	31	7	1	8	0	1	23	23	19	9	12	12	12	6	8	10	3	9	24	16	11	14	16	13	24	0	5	1	1	28	10	18	21	20	18	22	9	6	0	5	7	28	26	14	22	6	26	16	19	3	0	4	7	1	7	0	0	12	0	6	7	3	10	0	7
9:18:37	458	443	452	458	472	487	487	0	0	2	0	0	50	65	64	134	53	229	242	0	7	8	0	6	58	37	50	27	14	28	27	22	8	0	4	7	5	26	11	20	17	14	7	9	12	11	6	4	16	25	15	8	10	4	17	20	18	3	2	0	21	24	28	11	15	13	24	6	8	11	3	0	14	19	16	32	23	16	19	23	14	9	2	0	10	7	0	11	0	1	0	0	0	0	1	1
9:28:37	445	473	452	491	465	481	503	0	0	0	9	8	54	58	66	154	32	234	267	0	5	0	0	0	56	58	53	31	29	20	36	20	0	13	0	2	22	10	10	22	12	15	11	3	5	7	0	1	9	30	14	8	11	11	11	16	6	0	0	0	3	19	17	10	11	19	13	3	12	2	4	4	16	18	16	20	11	14	12	19	0	0	0	0	0	0	0	14	1	3	11	9	7	4	3	4
9:38:37	456	461	453	482	483	493	506	11	0	1	14	9	49	64	66	144	62	234	256	0	0	0	1	0	57	57	62	26	19	28	27	21	11	0	5	12	7	24	20	20	12	5	18	5	0	0	0	4	8	14	29	14	10	19	12	6	10	9	1	0	10	18	14	12	8	11	27	3	7	10	11	0	21	26	20	14	12	17	10	22	14	13	1	10	5	7	4	8	0	6	0	3	1	0	0	0
9:48:37	447	480	482	482	469	494	500	1	7	0	13	13	48	60	66	139	59	227	264	0	0	0	2	8	52	50	58	27	21	29	29	27	16	9	0	0	21	14	22	17	20	3	15	3	0	0	8	0	14	24	5	11	26	16	10	18	0	4	12	0	19	18	26	6	15	22	4	0	0	16	0	0	21	10	17	9	18	22	19	24	5	3	0	0	5	0	4	0	0	0	5	5	8	2	6	0
9:58:37	444	474	463	516	496	508	487	2	9	7	4	0	61	65	57	141	47	220	246	3	7	0	0	0	48	61	62	25	26	12	23	22	13	5	0	4	15	10	37	30	12	29	11	0	4	4	0	11	21	19	21	27	23	9	15	26	0	17	0	0	14	5	24	19	11	8	11	2	0	5	0	0	5	21	13	15	20	12	20	10	0	14	5	0	8	0	0	14	0	0	0	18	6	9	3	0
10:08:37	461	481	471	491	497	514	533	0	0	8	0	0	60	66	63	171	69	227	245	5	0	0	10	13	43	59	54	27	31	14	18	28	0	3	4	7	19	16	7	22	12	31	16	2	4	0	2	4	29	15	15	16	18	15	12	5	0	0	13	0	16	21	16	18	14	22	23	0	0	0	0	2	24	16	17	23	21	14	21	12	10	6	6	1	12	8	0	5	2	0	8	0	1	0	14	0
10:18:37	477	497	478	518	495	501	519	1	0	0	0	3	50	50	68	156	60	241	274	3	0	2	0	4	50	55	66	25	23	9	19	14	0	4	0	7	12	15	11	14	5	27	23	3	0	4	1	0	25	16	18	7	15	19	19	18	4	0	3	0	0	17	16	18	10	26	16	1	0	0	0	0	14	10	14	13	8	13	19	20	3	0	3	0	18	0	0	12	4	3	2	0	0	8	0	17
10:28:37	448	506	498	496	505	512	516	5	0	0	2	14	53	72	67	146	37	235	275	0	19	0	4	0	63	64	55	25	18	24	33	16	3	3	16	0	17	23	19	17	14	13	8	12	13	0	12	0	15	17	24	27	20	19	25	23	0	0	5	5	15	14	14	13	26	16	23	18	2	3	3	0	3	13	19	6	22	23	14	5	0	0	11	6	5	6	4	3	11	13	6	4	0	6	9	0
10:38:37	470	492	484	513	521	527	548	9	3	1	20	6	50	49	51	145	63	227	248	2	0	3	4	0	53	45	53	27	39	15	32	26	6	7	3	1	15	11	32	2	19	16	11	3	6	0	0	17	8	5	12	13	24	34	14	23	0	0	0	8	0	13	13	19	2	4	13	2	8	15	8	4	19	9	14	21	12	18	18	13	3	12	7	3	0	7	12	0	0	2	0	0	0	8	0	0
10:48:37	461	505	495	513	511	535	541	4	13	0	0	0	62	70	64	158	59	232	252	15	0	0	5	0	60	55	60	26	18	21	15	17	11	8	5	0	17	22	11	26	12	21	0	8	8	6	11	21	9	12	25	17	22	27	17	28	0	0	0	7	10	27	31	17	15	25	16	15	0	12	13	3	13	12	4	5	22	12	28	27	0	7	0	0	12	2	0	0	0	2	6	18	0	4	10	1
10:58:37	476	519	487	521	519	544	536	0	11	0	4	8	68	55	82	171	64	242	272	7	5	19	0	0	56	62	65	23	16	13	24	30	0	0	0	0	22	11	20	20	27	18	20	0	1	0	0	3	12	11	22	11	14	11	22	24	3	0	0	0	13	12	12	19	18	21	13	9	2	3	9	0	15	25	15	13	13	20	20	9	7	0	12	9	1	8	0	3	1	4	3	8	15	0	0	8
11:08:37	465	498	481	490	507	546	557	10	12	0	5	12	59	51	67	152	50	251	267	1	11	7	2	0	57	60	58	28	18	25	29	22	0	6	3	4	10	26	15	7	20	21	27	0	3	0	13	0	21	29	12	6	24	10	23	4	0	0	0	0	20	9	14	21	13	10	17	8	0	0	0	0	21	20	1	27	10	22	8	0	0	0	14	0	9	0	0	0	0	15	0	0	4	0	0	2
11:18:37	500	524	476	530	508	543	562	2	2	0	0	19	53	71	74	153	59	228	238	6	9	9	0	11	71	56	53	43	22	29	10	40	6	9	6	0	1	35	19	2	14	22	17	13	6	7	14	10	9	16	32	18	9	8	18	16	0	4	1	5	11	15	19	16	15	14	10	0	0	0	3	10	11	24	10	31	12	23	18	15	0	0	3	0	0	0	0	0	0	6	18	7	0	4	0	0
11:28:37	508	526	494	531	545	534	575	5	0	1	0	3	60	59	68	149	53	222	284	4	17	3	0	0	65	61	55	25	11	24	40	17	9	2	12	1	26	5	33	9	33	7	21	0	0	0	0	3	24	15	15	26	25	19	12	23	0	0	6	0	20	10	22	26	11	18	29	0	7	0	0	6	6	15	5	22	17	25	9	11	1	0	0	0	9	0	0	5	3	0	0	0	4	0	2	0
11:38:37	485	522	511	549	526	549	558	7	0	0	0	0	64	57	67	159	51	242	268	0	8	5	0	0	54	50	62	25	33	26	25	16	0	0	5	0	31	23	12	25	13	32	26	0	0	0	5	8	20	23	20	22	27	20	19	20	7	0	2	2	15	8	22	13	5	29	8	17	6	0	12	5	11	13	25	3	19	14	20	21	2	0	2	8	0	7	6	0	4	0	0	1	5	0	4	0
11:48:37	498	520	528	538	535	554	560	3	6	8	5	6	56	43	76	155	51	235	271	9	0	1	2	2	61	68	59	27	25	24	18	21	1	0	0	0	19	24	13	20	26	26	15	0	0	0	0	9	15	20	14	24	10	12	20	15	0	5	5	0	11	22	6	17	22	1	6	0	0	3	0	11	5	20	17	29	10	21	19	9	6	0	0	4	0	0	1	11	5	0	2	9	0	0	0	6
11:58:37	517	525	516	532	551	563	562	2	6	0	1	16	52	51	73	148	54	248	251	9	0	0	0	6	67	56	54	49	23	25	24	25	0	0	0	0	13	23	24	22	10	18	17	0	10	0	0	0	30	24	29	18	16	25	3	16	5	0	10	0	32	23	38	7	11	16	5	9	7	0	9	4	13	15	10	7	8	15	6	20	6	0	0	9	0	4	0	8	1	4	0	0	2	0	0	9
12:08:37	497	536	517	535	536	564	566	0	3	0	2	3	60	75	75	169	62	227	275	13	1	0	0	13	64	58	64	19	29	33	18	24	0	9	0	1	1	23	15	12	19	32	10	0	15	0	4	0	15	16	7	11	20	17	17	7	2	0	4	5	22	8	27	5	14	6	6	2	6	10	2	0	15	27	16	23	12	18	10	4	13	1	12	3	4	0	7	7	5	9	10	0	2	0	0	8
