Time	A1	A2	A3	A4	A5	A6	A7	A8	A9	A10	A11	A12	B1	B2	B3	B4	B5	B6	B7	B8	B9	B10	B11	B12	C1	C2	C3	C4	C5	C6	C7	C8	C9	C10	C11	C12	D1	D2	D3	D4	D5	D6	D7	D8	D9	D10	D11	D12	E1	E2	E3	E4	E5	E6	E7	E8	E9	E10	E11	E12	F1	F2	F3	F4	F5	F6	F7	F8	F9	F10	F11	F12	G1	G2	G3	G4	G5	G6	G7	G8	G9	G10	G11	G12	H1	H2	H3	H4	H5	H6	H7	H8	H9	H10	H11	H12
0:08:05	0.154	0.156	0.143	0.148	0.138	0.131	0.134	0.043	0.045	0.043	0.044	0.046	0.125	0.126	0.126	0.129	0.126	0.124	0.13	0.044	0.044	0.044	0.044	0.044	0.127	0.126	0.129	0.132	0.129	0.121	0.13	0.13	0.043	0.044	0.044	0.043	0.139	0.141	0.144	0.141	0.134	0.145	0.144	0.044	0.043	0.044	0.044	0.045	0.143	0.135	0.14	0.136	0.136	0.139	0.135	0.144	0.049	0.044	0.044	0.044	0.128	0.126	0.124	0.122	0.118	0.125	0.121	0.04	0.043	0.044	0.044	0.044	0.122	0.119	0.123	0.121	0.122	0.123	0.124	0.126	0.044	0.045	0.045	0.043	0.043	0.043	0.045	0.044	0.044	0.044	0.043	0.043	0.045	0.044	0.048	0.046
0:18:05	0.149	0.153	0.148	0.152	0.138	0.135	0.137	0.043	0.045	0.043	0.044	0.046	0.13	0.129	0.128	0.131	0.127	0.126	0.133	0.043	0.044	0.043	0.044	0.044	0.129	0.128	0.13	0.135	0.131	0.124	0.135	0.133	0.042	0.044	0.044	0.043	0.143	0.148	0.148	0.146	0.14	0.152	0.151	0.044	0.043	0.05	0.044	0.044	0.153	0.141	0.143	0.141	0.139	0.141	0.139	0.146	0.049	0.043	0.044	0.044	0.131	0.128	0.126	0.124	0.12	0.127	0.123	0.04	0.043	0.044	0.044	0.044	0.128	0.123	0.129	0.123	0.125	0.125	0.127	0.13	0.044	0.045	0.045	0.043	0.043	0.043	0.045	0.044	0.044	0.044	0.043	0.043	0.044	0.043	0.047	0.046
0:28:05	0.155	0.154	0.15	0.155	0.143	0.144	0.144	0.043	0.045	0.043	0.044	0.046	0.138	0.138	0.135	0.14	0.134	0.134	0.142	0.043	0.044	0.044	0.044	0.044	0.138	0.134	0.136	0.141	0.136	0.129	0.141	0.138	0.043	0.044	0.045	0.043	0.155	0.161	0.161	0.156	0.149	0.166	0.164	0.044	0.043	0.05	0.044	0.044	0.169	0.154	0.155	0.145	0.153	0.146	0.143	0.148	0.049	0.044	0.044	0.044	0.137	0.132	0.131	0.127	0.125	0.131	0.127	0.039	0.043	0.044	0.044	0.044	0.132	0.128	0.127	0.127	0.126	0.126	0.128	0.131	0.044	0.045	0.045	0.043	0.043	0.043	0.045	0.044	0.044	0.044	0.043	0.043	0.044	0.043	0.047	0.046
0:38:05	0.165	0.166	0.16	0.163	0.153	0.155	0.156	0.043	0.045	0.043	0.044	0.046	0.145	0.148	0.143	0.151	0.145	0.143	0.152	0.044	0.044	0.043	0.043	0.044	0.147	0.143	0.143	0.149	0.144	0.134	0.147	0.14	0.043	0.044	0.044	0.043	0.173	0.178	0.176	0.171	0.166	0.184	0.183	0.043	0.043	0.05	0.044	0.045	0.187	0.17	0.173	0.158	0.162	0.152	0.149	0.148	0.049	0.044	0.044	0.044	0.145	0.138	0.137	0.134	0.131	0.137	0.134	0.04	0.043	0.044	0.044	0.044	0.137	0.134	0.133	0.133	0.127	0.125	0.127	0.131	0.044	0.045	0.045	0.043	0.043	0.043	0.045	0.044	0.044	0.044	0.043	0.043	0.044	0.043	0.047	0.046
0:48:05	0.184	0.181	0.174	0.176	0.165	0.166	0.168	0.043	0.045	0.043	0.044	0.047	0.157	0.158	0.154	0.162	0.157	0.154	0.164	0.044	0.044	0.044	0.044	0.044	0.157	0.153	0.153	0.159	0.153	0.141	0.156	0.144	0.043	0.044	0.045	0.043	0.198	0.203	0.2	0.194	0.189	0.208	0.209	0.044	0.043	0.05	0.044	0.045	0.209	0.192	0.195	0.175	0.17	0.158	0.154	0.148	0.049	0.044	0.044	0.044	0.156	0.149	0.147	0.142	0.141	0.147	0.144	0.04	0.043	0.044	0.044	0.044	0.145	0.142	0.141	0.139	0.127	0.124	0.126	0.13	0.044	0.045	0.045	0.043	0.043	0.043	0.045	0.044	0.044	0.044	0.043	0.043	0.045	0.044	0.047	0.046
0:58:05	0.208	0.201	0.196	0.195	0.183	0.185	0.188	0.043	0.045	0.043	0.044	0.046	0.168	0.172	0.166	0.175	0.17	0.168	0.178	0.044	0.044	0.043	0.044	0.044	0.171	0.164	0.164	0.171	0.163	0.149	0.165	0.148	0.043	0.044	0.045	0.043	0.228	0.231	0.228	0.222	0.217	0.238	0.239	0.044	0.043	0.05	0.044	0.044	0.232	0.218	0.219	0.197	0.175	0.161	0.158	0.145	0.049	0.044	0.044	0.044	0.167	0.157	0.157	0.152	0.152	0.158	0.156	0.039	0.043	0.044	0.044	0.044	0.154	0.152	0.15	0.146	0.126	0.123	0.125	0.128	0.044	0.045	0.045	0.043	0.043	0.043	0.045	0.044	0.044	0.044	0.043	0.043	0.045	0.043	0.047	0.046
1:08:05	0.241	0.231	0.226	0.223	0.209	0.212	0.217	0.043	0.045	0.043	0.044	0.046	0.181	0.19	0.182	0.194	0.187	0.185	0.196	0.044	0.044	0.044	0.044	0.044	0.187	0.18	0.178	0.184	0.176	0.159	0.177	0.154	0.043	0.044	0.045	0.043	0.266	0.268	0.266	0.257	0.252	0.276	0.277	0.044	0.043	0.05	0.044	0.045	0.26	0.247	0.244	0.221	0.186	0.166	0.163	0.142	0.049	0.044	0.044	0.044	0.181	0.171	0.172	0.165	0.167	0.172	0.17	0.039	0.043	0.044	0.044	0.044	0.165	0.163	0.166	0.155	0.127	0.123	0.124	0.127	0.044	0.045	0.045	0.043	0.043	0.043	0.045	0.044	0.044	0.044	0.043	0.043	0.045	0.043	0.047	0.046
1:18:05	0.269	0.262	0.257	0.253	0.237	0.238	0.243	0.043	0.045	0.043	0.044	0.046	0.197	0.211	0.201	0.216	0.206	0.204	0.218	0.043	0.044	0.043	0.044	0.044	0.206	0.199	0.193	0.199	0.19	0.169	0.19	0.16	0.042	0.044	0.044	0.043	0.298	0.298	0.298	0.288	0.284	0.305	0.307	0.044	0.043	0.05	0.044	0.044	0.285	0.276	0.272	0.248	0.199	0.174	0.172	0.139	0.049	0.044	0.044	0.044	0.199	0.188	0.189	0.182	0.185	0.19	0.189	0.039	0.043	0.044	0.044	0.044	0.179	0.179	0.177	0.166	0.127	0.122	0.123	0.125	0.044	0.045	0.045	0.043	0.043	0.043	0.045	0.043	0.044	0.044	0.043	0.043	0.044	0.043	0.047	0.046
1:28:05	0.292	0.284	0.28	0.278	0.259	0.26	0.265	0.043	0.045	0.043	0.044	0.046	0.218	0.233	0.22	0.237	0.227	0.224	0.237	0.044	0.044	0.044	0.044	0.044	0.228	0.222	0.212	0.218	0.208	0.182	0.206	0.169	0.043	0.044	0.045	0.043	0.33	0.33	0.334	0.321	0.317	0.339	0.341	0.044	0.043	0.05	0.044	0.044	0.313	0.309	0.301	0.275	0.215	0.184	0.182	0.137	0.049	0.044	0.044	0.044	0.219	0.21	0.208	0.204	0.209	0.213	0.212	0.039	0.043	0.044	0.044	0.044	0.195	0.2	0.194	0.18	0.127	0.123	0.122	0.124	0.044	0.045	0.045	0.043	0.043	0.043	0.045	0.044	0.044	0.044	0.043	0.043	0.045	0.044	0.047	0.046
1:38:05	0.317	0.31	0.303	0.302	0.282	0.284	0.288	0.043	0.045	0.043	0.044	0.046	0.236	0.253	0.241	0.257	0.248	0.245	0.257	0.043	0.044	0.044	0.044	0.044	0.248	0.244	0.235	0.235	0.228	0.198	0.226	0.179	0.042	0.044	0.045	0.043	0.366	0.37	0.375	0.359	0.358	0.38	0.382	0.044	0.043	0.05	0.044	0.044	0.343	0.344	0.336	0.308	0.23	0.195	0.194	0.134	0.049	0.044	0.044	0.044	0.246	0.241	0.237	0.234	0.238	0.246	0.242	0.039	0.043	0.044	0.044	0.044	0.215	0.224	0.218	0.196	0.128	0.121	0.121	0.123	0.044	0.045	0.045	0.043	0.043	0.043	0.045	0.044	0.044	0.044	0.043	0.043	0.045	0.044	0.047	0.046
1:48:05	0.343	0.337	0.331	0.324	0.304	0.31	0.312	0.043	0.045	0.043	0.044	0.046	0.253	0.272	0.259	0.275	0.267	0.263	0.276	0.044	0.044	0.044	0.044	0.044	0.262	0.26	0.251	0.256	0.249	0.214	0.24	0.192	0.043	0.044	0.045	0.043	0.41	0.416	0.421	0.405	0.403	0.426	0.429	0.044	0.043	0.05	0.044	0.045	0.377	0.388	0.377	0.345	0.247	0.207	0.207	0.132	0.049	0.044	0.044	0.044	0.275	0.276	0.271	0.27	0.274	0.281	0.276	0.039	0.043	0.044	0.044	0.044	0.241	0.254	0.245	0.218	0.128	0.121	0.122	0.122	0.044	0.045	0.045	0.043	0.043	0.043	0.045	0.044	0.044	0.044	0.043	0.043	0.045	0.044	0.047	0.046
1:58:05	0.371	0.366	0.36	0.355	0.333	0.339	0.34	0.043	0.045	0.043	0.044	0.046	0.267	0.292	0.278	0.294	0.288	0.283	0.296	0.044	0.044	0.044	0.044	0.044	0.278	0.278	0.266	0.274	0.266	0.231	0.254	0.204	0.043	0.044	0.045	0.043	0.455	0.461	0.471	0.453	0.456	0.47	0.475	0.044	0.043	0.05	0.044	0.045	0.415	0.433	0.427	0.386	0.266	0.22	0.222	0.13	0.049	0.044	0.044	0.044	0.307	0.315	0.309	0.313	0.315	0.324	0.315	0.039	0.043	0.044	0.044	0.044	0.267	0.289	0.278	0.247	0.129	0.121	0.12	0.121	0.044	0.045	0.045	0.043	0.043	0.043	0.045	0.044	0.044	0.044	0.043	0.043	0.045	0.044	0.047	0.046
2:08:05	0.401	0.396	0.392	0.386	0.364	0.367	0.371	0.043	0.045	0.043	0.044	0.047	0.283	0.31	0.297	0.313	0.308	0.304	0.316	0.044	0.044	0.044	0.044	0.044	0.295	0.296	0.285	0.296	0.282	0.245	0.267	0.22	0.043	0.044	0.045	0.043	0.519	0.524	0.54	0.514	0.52	0.533	0.54	0.044	0.043	0.05	0.044	0.045	0.459	0.486	0.482	0.431	0.288	0.235	0.237	0.128	0.049	0.044	0.044	0.044	0.346	0.364	0.353	0.362	0.361	0.374	0.358	0.04	0.043	0.044	0.044	0.044	0.297	0.333	0.323	0.276	0.129	0.121	0.12	0.12	0.044	0.045	0.045	0.043	0.043	0.043	0.045	0.044	0.044	0.044	0.043	0.043	0.045	0.044	0.047	0.046
2:18:05	0.437	0.43	0.429	0.424	0.401	0.404	0.407	0.043	0.045	0.043	0.044	0.046	0.3	0.331	0.317	0.331	0.328	0.324	0.336	0.044	0.044	0.043	0.044	0.044	0.311	0.315	0.302	0.317	0.302	0.258	0.282	0.231	0.043	0.044	0.045	0.043	0.576	0.591	0.586	0.587	0.591	0.595	0.61	0.044	0.043	0.05	0.044	0.044	0.493	0.54	0.531	0.483	0.314	0.254	0.256	0.127	0.049	0.043	0.044	0.044	0.387	0.416	0.408	0.417	0.408	0.426	0.405	0.04	0.043	0.044	0.044	0.044	0.331	0.375	0.358	0.31	0.13	0.12	0.119	0.119	0.044	0.045	0.045	0.043	0.043	0.043	0.045	0.044	0.044	0.044	0.043	0.043	0.045	0.043	0.047	0.046
2:28:05	0.472	0.463	0.468	0.457	0.437	0.44	0.443	0.043	0.045	0.043	0.044	0.046	0.32	0.351	0.338	0.35	0.349	0.347	0.359	0.043	0.044	0.044	0.044	0.044	0.33	0.336	0.324	0.341	0.32	0.274	0.298	0.247	0.042	0.044	0.044	0.043	0.601	0.622	0.608	0.616	0.619	0.625	0.639	0.044	0.043	0.05	0.044	0.044	0.521	0.581	0.56	0.541	0.345	0.276	0.28	0.125	0.049	0.044	0.044	0.044	0.43	0.473	0.471	0.473	0.455	0.485	0.453	0.04	0.043	0.044	0.044	0.044	0.363	0.422	0.402	0.347	0.131	0.119	0.118	0.118	0.044	0.045	0.045	0.043	0.043	0.043	0.044	0.044	0.044	0.044	0.043	0.043	0.044	0.043	0.047	0.046
2:38:05	0.523	0.514	0.518	0.504	0.482	0.483	0.483	0.043	0.045	0.043	0.044	0.046	0.341	0.375	0.361	0.373	0.374	0.372	0.386	0.043	0.044	0.043	0.043	0.044	0.352	0.359	0.346	0.368	0.342	0.293	0.317	0.258	0.043	0.044	0.045	0.043	0.633	0.661	0.637	0.646	0.655	0.659	0.673	0.044	0.043	0.05	0.044	0.044	0.549	0.612	0.612	0.604	0.375	0.302	0.306	0.124	0.049	0.043	0.044	0.044	0.473	0.536	0.534	0.532	0.512	0.545	0.507	0.039	0.043	0.044	0.043	0.044	0.396	0.478	0.451	0.382	0.132	0.118	0.118	0.117	0.044	0.045	0.045	0.043	0.043	0.043	0.044	0.044	0.044	0.044	0.043	0.043	0.045	0.043	0.047	0.046
2:48:05	0.576	0.562	0.57	0.552	0.523	0.524	0.526	0.043	0.045	0.043	0.044	0.046	0.367	0.401	0.388	0.397	0.403	0.4	0.415	0.044	0.044	0.044	0.044	0.044	0.377	0.386	0.373	0.401	0.367	0.311	0.338	0.275	0.043	0.044	0.045	0.043	0.659	0.695	0.663	0.68	0.688	0.692	0.704	0.044	0.043	0.05	0.044	0.044	0.592	0.651	0.644	0.645	0.406	0.328	0.333	0.124	0.049	0.044	0.044	0.044	0.497	0.579	0.579	0.571	0.545	0.579	0.541	0.039	0.043	0.044	0.044	0.044	0.431	0.53	0.5	0.412	0.133	0.118	0.118	0.117	0.044	0.045	0.045	0.043	0.043	0.043	0.045	0.044	0.044	0.044	0.043	0.043	0.045	0.044	0.047	0.046
2:58:05	0.627	0.616	0.619	0.603	0.564	0.563	0.569	0.043	0.045	0.043	0.044	0.046	0.393	0.427	0.417	0.424	0.43	0.429	0.447	0.043	0.044	0.043	0.044	0.044	0.407	0.418	0.403	0.432	0.394	0.332	0.359	0.291	0.043	0.044	0.045	0.043	0.681	0.725	0.688	0.71	0.72	0.721	0.733	0.044	0.043	0.05	0.044	0.044	0.617	0.684	0.671	0.672	0.447	0.355	0.359	0.123	0.049	0.043	0.044	0.044	0.529	0.618	0.617	0.608	0.579	0.61	0.576	0.039	0.043	0.044	0.044	0.044	0.457	0.564	0.536	0.449	0.133	0.117	0.117	0.117	0.044	0.045	0.045	0.043	0.043	0.043	0.045	0.044	0.044	0.044	0.043	0.043	0.044	0.044	0.047	0.046
3:08:05	0.672	0.663	0.674	0.658	0.616	0.617	0.619	0.043	0.045	0.043	0.044	0.046	0.422	0.456	0.449	0.453	0.462	0.463	0.479	0.043	0.044	0.043	0.044	0.044	0.438	0.452	0.435	0.464	0.425	0.356	0.385	0.308	0.043	0.044	0.045	0.043	0.706	0.751	0.709	0.736	0.753	0.748	0.761	0.043	0.043	0.05	0.044	0.045	0.65	0.714	0.697	0.701	0.488	0.384	0.39	0.124	0.049	0.043	0.044	0.044	0.567	0.676	0.673	0.66	0.632	0.66	0.626	0.039	0.043	0.044	0.044	0.044	0.487	0.597	0.568	0.493	0.135	0.117	0.117	0.117	0.044	0.045	0.045	0.043	0.043	0.043	0.044	0.044	0.044	0.044	0.043	0.043	0.045	0.043	0.047	0.046
3:18:05	0.704	0.695	0.71	0.695	0.648	0.658	0.647	0.043	0.045	0.043	0.044	0.046	0.45	0.489	0.482	0.483	0.495	0.496	0.512	0.044	0.044	0.044	0.044	0.044	0.469	0.485	0.466	0.504	0.457	0.384	0.411	0.325	0.043	0.044	0.045	0.043	0.73	0.776	0.727	0.759	0.783	0.771	0.784	0.044	0.043	0.05	0.044	0.044	0.678	0.738	0.721	0.729	0.527	0.416	0.423	0.124	0.049	0.043	0.044	0.044	0.624	0.709	0.709	0.7	0.67	0.696	0.652	0.039	0.043	0.044	0.044	0.044	0.523	0.651	0.6	0.535	0.136	0.116	0.117	0.116	0.044	0.045	0.045	0.043	0.043	0.043	0.044	0.044	0.044	0.044	0.043	0.043	0.045	0.043	0.047	0.046
3:28:05	0.727	0.72	0.735	0.721	0.678	0.685	0.675	0.043	0.045	0.043	0.044	0.046	0.483	0.524	0.518	0.514	0.528	0.533	0.547	0.044	0.044	0.044	0.044	0.044	0.501	0.523	0.502	0.546	0.49	0.414	0.441	0.345	0.043	0.044	0.045	0.043	0.752	0.798	0.745	0.787	0.809	0.799	0.805	0.044	0.043	0.05	0.044	0.044	0.701	0.758	0.74	0.754	0.58	0.45	0.457	0.123	0.049	0.044	0.044	0.044	0.646	0.738	0.737	0.733	0.699	0.724	0.678	0.039	0.043	0.044	0.044	0.044	0.553	0.693	0.651	0.57	0.138	0.116	0.118	0.116	0.044	0.045	0.045	0.043	0.043	0.043	0.045	0.044	0.044	0.044	0.043	0.043	0.045	0.044	0.047	0.046
3:38:05	0.751	0.743	0.761	0.741	0.704	0.709	0.699	0.043	0.045	0.043	0.044	0.046	0.517	0.558	0.553	0.55	0.566	0.569	0.583	0.043	0.044	0.044	0.044	0.044	0.534	0.561	0.539	0.592	0.53	0.445	0.47	0.367	0.042	0.044	0.045	0.043	0.77	0.816	0.762	0.81	0.829	0.821	0.822	0.044	0.043	0.05	0.044	0.044	0.72	0.778	0.758	0.778	0.61	0.485	0.493	0.123	0.049	0.044	0.044	0.044	0.671	0.772	0.768	0.768	0.736	0.757	0.707	0.039	0.043	0.044	0.044	0.044	0.599	0.715	0.683	0.609	0.14	0.116	0.116	0.115	0.044	0.045	0.045	0.043	0.043	0.043	0.044	0.044	0.044	0.044	0.043	0.043	0.045	0.043	0.047	0.046
3:48:05	0.774	0.765	0.784	0.763	0.727	0.73	0.721	0.043	0.045	0.043	0.044	0.046	0.557	0.595	0.594	0.591	0.608	0.611	0.623	0.044	0.044	0.044	0.044	0.044	0.572	0.601	0.584	0.619	0.57	0.48	0.503	0.393	0.043	0.044	0.045	0.043	0.787	0.83	0.778	0.827	0.847	0.838	0.838	0.044	0.043	0.05	0.044	0.045	0.739	0.794	0.776	0.8	0.629	0.519	0.545	0.122	0.049	0.044	0.044	0.044	0.696	0.8	0.795	0.797	0.766	0.79	0.727	0.039	0.043	0.044	0.044	0.044	0.633	0.747	0.713	0.675	0.142	0.115	0.116	0.115	0.044	0.045	0.045	0.043	0.043	0.043	0.045	0.044	0.044	0.044	0.043	0.043	0.045	0.044	0.047	0.046
3:58:05	0.793	0.788	0.803	0.783	0.747	0.751	0.745	0.043	0.045	0.043	0.044	0.046	0.582	0.617	0.625	0.614	0.632	0.637	0.65	0.044	0.044	0.044	0.044	0.044	0.598	0.625	0.609	0.643	0.606	0.515	0.532	0.422	0.043	0.044	0.045	0.043	0.802	0.845	0.791	0.84	0.863	0.853	0.853	0.044	0.043	0.05	0.044	0.045	0.753	0.808	0.789	0.819	0.648	0.567	0.577	0.122	0.049	0.044	0.044	0.044	0.715	0.824	0.819	0.821	0.792	0.813	0.749	0.04	0.043	0.044	0.044	0.044	0.658	0.774	0.744	0.7	0.144	0.115	0.116	0.115	0.044	0.045	0.045	0.043	0.043	0.043	0.045	0.044	0.044	0.044	0.043	0.043	0.045	0.044	0.047	0.046
4:08:05	0.811	0.806	0.821	0.804	0.766	0.77	0.762	0.043	0.045	0.043	0.044	0.046	0.601	0.638	0.648	0.634	0.654	0.659	0.672	0.044	0.044	0.044	0.044	0.044	0.617	0.643	0.627	0.664	0.634	0.548	0.564	0.448	0.043	0.044	0.045	0.043	0.816	0.858	0.806	0.855	0.88	0.866	0.866	0.044	0.043	0.05	0.044	0.045	0.767	0.821	0.803	0.834	0.667	0.599	0.599	0.121	0.049	0.044	0.044	0.044	0.732	0.845	0.837	0.842	0.812	0.834	0.773	0.039	0.043	0.044	0.044	0.044	0.683	0.794	0.766	0.726	0.147	0.115	0.116	0.115	0.044	0.045	0.045	0.043	0.043	0.043	0.045	0.044	0.044	0.044	0.043	0.043	0.045	0.043	0.047	0.046
4:18:05	0.831	0.827	0.841	0.823	0.785	0.788	0.783	0.043	0.045	0.043	0.044	0.046	0.619	0.662	0.665	0.653	0.675	0.678	0.689	0.043	0.044	0.043	0.044	0.044	0.632	0.66	0.641	0.681	0.655	0.584	0.587	0.473	0.043	0.044	0.045	0.043	0.83	0.874	0.822	0.871	0.896	0.881	0.88	0.044	0.043	0.05	0.044	0.044	0.781	0.835	0.817	0.85	0.687	0.619	0.618	0.121	0.049	0.043	0.044	0.044	0.748	0.861	0.852	0.859	0.828	0.852	0.79	0.039	0.043	0.044	0.044	0.044	0.703	0.813	0.782	0.753	0.149	0.114	0.115	0.117	0.044	0.045	0.045	0.043	0.043	0.043	0.045	0.044	0.044	0.044	0.043	0.043	0.045	0.043	0.047	0.046
4:28:05	0.85	0.844	0.856	0.84	0.804	0.805	0.801	0.043	0.045	0.043	0.044	0.046	0.633	0.671	0.681	0.67	0.693	0.692	0.706	0.044	0.044	0.044	0.044	0.044	0.648	0.676	0.659	0.696	0.674	0.607	0.607	0.499	0.043	0.044	0.045	0.043	0.845	0.886	0.834	0.885	0.907	0.895	0.894	0.044	0.043	0.05	0.044	0.044	0.795	0.85	0.832	0.865	0.705	0.638	0.635	0.12	0.049	0.044	0.044	0.044	0.759	0.877	0.866	0.875	0.843	0.866	0.803	0.039	0.043	0.044	0.044	0.044	0.718	0.827	0.801	0.774	0.153	0.114	0.115	0.114	0.044	0.045	0.045	0.043	0.043	0.043	0.045	0.044	0.044	0.044	0.043	0.043	0.045	0.044	0.047	0.046
4:38:05	0.861	0.856	0.871	0.854	0.822	0.824	0.82	0.043	0.045	0.043	0.044	0.046	0.648	0.689	0.697	0.687	0.711	0.707	0.721	0.044	0.044	0.043	0.044	0.044	0.663	0.693	0.674	0.713	0.684	0.629	0.624	0.528	0.043	0.044	0.045	0.043	0.856	0.896	0.844	0.896	0.917	0.905	0.904	0.043	0.043	0.05	0.044	0.044	0.81	0.862	0.845	0.879	0.723	0.656	0.653	0.12	0.049	0.043	0.044	0.044	0.774	0.891	0.881	0.89	0.859	0.882	0.818	0.039	0.043	0.044	0.044	0.044	0.736	0.842	0.817	0.791	0.155	0.114	0.115	0.114	0.044	0.045	0.045	0.043	0.043	0.043	0.045	0.044	0.044	0.044	0.043	0.043	0.045	0.043	0.047	0.046
4:48:05	0.867	0.863	0.879	0.861	0.831	0.844	0.831	0.043	0.045	0.043	0.044	0.046	0.664	0.704	0.715	0.703	0.727	0.723	0.736	0.044	0.044	0.044	0.044	0.044	0.679	0.711	0.691	0.73	0.701	0.649	0.639	0.559	0.043	0.044	0.045	0.043	0.864	0.904	0.851	0.904	0.924	0.912	0.911	0.044	0.043	0.05	0.044	0.045	0.821	0.87	0.855	0.891	0.739	0.676	0.672	0.119	0.049	0.044	0.044	0.044	0.791	0.907	0.896	0.907	0.875	0.9	0.834	0.039	0.043	0.044	0.044	0.044	0.749	0.855	0.828	0.808	0.158	0.113	0.115	0.114	0.044	0.045	0.045	0.043	0.043	0.043	0.045	0.044	0.044	0.044	0.043	0.043	0.045	0.044	0.047	0.046
4:58:05	0.873	0.87	0.883	0.868	0.837	0.844	0.838	0.043	0.045	0.043	0.044	0.046	0.678	0.719	0.73	0.717	0.742	0.738	0.751	0.043	0.044	0.043	0.044	0.044	0.695	0.725	0.705	0.757	0.717	0.666	0.655	0.578	0.043	0.044	0.045	0.043	0.871	0.909	0.858	0.91	0.93	0.918	0.917	0.043	0.043	0.05	0.044	0.044	0.83	0.877	0.862	0.902	0.755	0.696	0.69	0.119	0.049	0.043	0.044	0.044	0.803	0.924	0.91	0.922	0.888	0.912	0.848	0.039	0.043	0.044	0.044	0.044	0.763	0.871	0.841	0.825	0.162	0.113	0.114	0.114	0.044	0.045	0.045	0.043	0.043	0.043	0.044	0.044	0.044	0.044	0.043	0.043	0.045	0.044	0.047	0.046
5:08:05	0.883	0.882	0.894	0.878	0.847	0.851	0.848	0.043	0.045	0.043	0.044	0.046	0.694	0.735	0.745	0.733	0.761	0.753	0.766	0.044	0.044	0.044	0.044	0.044	0.711	0.742	0.722	0.759	0.727	0.684	0.671	0.601	0.043	0.044	0.045	0.043	0.876	0.914	0.862	0.916	0.936	0.923	0.922	0.044	0.043	0.05	0.044	0.044	0.836	0.883	0.869	0.911	0.769	0.712	0.705	0.119	0.049	0.044	0.044	0.044	0.815	0.935	0.921	0.936	0.9	0.924	0.857	0.039	0.043	0.044	0.044	0.044	0.775	0.883	0.854	0.841	0.167	0.113	0.114	0.114	0.044	0.045	0.045	0.043	0.043	0.043	0.045	0.044	0.044	0.044	0.043	0.043	0.045	0.044	0.047	0.046
5:18:05	0.894	0.893	0.904	0.89	0.859	0.861	0.86	0.043	0.045	0.043	0.045	0.046	0.707	0.749	0.762	0.747	0.772	0.769	0.78	0.044	0.044	0.044	0.044	0.044	0.725	0.756	0.735	0.772	0.738	0.699	0.683	0.617	0.043	0.044	0.045	0.043	0.881	0.916	0.868	0.92	0.943	0.927	0.927	0.044	0.043	0.05	0.044	0.045	0.842	0.887	0.873	0.919	0.784	0.728	0.72	0.118	0.049	0.044	0.044	0.044	0.824	0.946	0.931	0.946	0.91	0.934	0.868	0.039	0.043	0.044	0.044	0.044	0.79	0.897	0.868	0.857	0.172	0.113	0.114	0.114	0.044	0.045	0.045	0.043	0.043	0.043	0.045	0.044	0.044	0.044	0.043	0.043	0.045	0.044	0.047	0.046
5:28:05	0.9	0.9	0.915	0.899	0.87	0.872	0.872	0.043	0.045	0.043	0.045	0.046	0.721	0.765	0.777	0.766	0.789	0.786	0.799	0.043	0.044	0.044	0.044	0.044	0.738	0.771	0.749	0.79	0.753	0.715	0.698	0.632	0.043	0.044	0.045	0.043	0.883	0.922	0.873	0.925	0.948	0.932	0.93	0.044	0.043	0.05	0.044	0.045	0.846	0.891	0.876	0.924	0.8	0.743	0.734	0.118	0.049	0.044	0.044	0.044	0.832	0.953	0.937	0.954	0.917	0.94	0.875	0.039	0.043	0.044	0.044	0.044	0.801	0.906	0.879	0.872	0.178	0.113	0.114	0.114	0.044	0.045	0.045	0.043	0.043	0.043	0.045	0.044	0.044	0.044	0.043	0.043	0.045	0.044	0.047	0.046
5:38:05	0.903	0.902	0.919	0.902	0.874	0.882	0.876	0.043	0.045	0.043	0.044	0.046	0.734	0.783	0.793	0.779	0.805	0.801	0.81	0.043	0.044	0.043	0.044	0.044	0.751	0.783	0.764	0.795	0.764	0.729	0.712	0.647	0.043	0.044	0.045	0.043	0.888	0.927	0.879	0.93	0.953	0.937	0.934	0.043	0.043	0.05	0.044	0.044	0.851	0.895	0.88	0.929	0.814	0.755	0.746	0.117	0.049	0.044	0.044	0.044	0.84	0.959	0.944	0.961	0.923	0.947	0.881	0.039	0.043	0.044	0.044	0.044	0.814	0.913	0.889	0.887	0.183	0.112	0.114	0.113	0.044	0.045	0.045	0.043	0.043	0.043	0.044	0.043	0.044	0.044	0.043	0.043	0.044	0.044	0.047	0.046
5:48:05	0.907	0.904	0.921	0.904	0.876	0.885	0.879	0.043	0.044	0.043	0.044	0.046	0.748	0.791	0.802	0.788	0.813	0.809	0.819	0.044	0.044	0.043	0.044	0.044	0.768	0.8	0.776	0.817	0.779	0.744	0.727	0.661	0.043	0.044	0.045	0.043	0.892	0.931	0.883	0.934	0.956	0.94	0.938	0.044	0.043	0.05	0.044	0.044	0.855	0.9	0.883	0.933	0.825	0.767	0.758	0.117	0.049	0.044	0.044	0.044	0.847	0.965	0.948	0.968	0.93	0.954	0.888	0.039	0.043	0.044	0.044	0.044	0.824	0.92	0.895	0.902	0.19	0.112	0.114	0.113	0.044	0.045	0.045	0.043	0.043	0.043	0.045	0.044	0.044	0.044	0.043	0.043	0.045	0.043	0.047	0.046
5:58:05	0.909	0.907	0.924	0.907	0.879	0.888	0.882	0.043	0.045	0.043	0.044	0.046	0.76	0.799	0.811	0.798	0.822	0.82	0.827	0.043	0.044	0.044	0.044	0.044	0.78	0.81	0.791	0.814	0.791	0.757	0.744	0.676	0.043	0.044	0.045	0.043	0.897	0.934	0.886	0.938	0.96	0.943	0.942	0.043	0.043	0.05	0.044	0.044	0.859	0.903	0.886	0.938	0.836	0.779	0.772	0.117	0.049	0.043	0.044	0.044	0.853	0.972	0.955	0.976	0.936	0.96	0.894	0.039	0.043	0.044	0.044	0.044	0.83	0.925	0.9	0.914	0.198	0.113	0.114	0.113	0.044	0.045	0.045	0.043	0.043	0.043	0.044	0.044	0.044	0.044	0.043	0.043	0.045	0.044	0.047	0.046
6:08:05	0.91	0.909	0.926	0.91	0.882	0.891	0.884	0.043	0.045	0.043	0.044	0.046	0.772	0.809	0.819	0.808	0.83	0.827	0.837	0.044	0.044	0.044	0.044	0.044	0.789	0.819	0.801	0.821	0.802	0.776	0.764	0.687	0.043	0.044	0.045	0.043	0.9	0.937	0.89	0.941	0.964	0.947	0.945	0.044	0.043	0.05	0.044	0.045	0.863	0.907	0.889	0.943	0.846	0.793	0.785	0.116	0.049	0.044	0.044	0.044	0.858	0.977	0.959	0.982	0.942	0.966	0.901	0.039	0.043	0.044	0.044	0.044	0.837	0.931	0.907	0.925	0.206	0.113	0.114	0.113	0.044	0.045	0.045	0.043	0.043	0.043	0.045	0.044	0.044	0.044	0.043	0.043	0.045	0.044	0.047	0.046
6:18:05	0.913	0.911	0.929	0.912	0.884	0.893	0.887	0.043	0.045	0.043	0.044	0.046	0.779	0.815	0.818	0.809	0.832	0.828	0.838	0.044	0.044	0.044	0.044	0.044	0.799	0.828	0.811	0.831	0.812	0.789	0.775	0.699	0.043	0.044	0.045	0.043	0.904	0.941	0.894	0.944	0.976	0.95	0.947	0.044	0.043	0.05	0.044	0.044	0.867	0.908	0.892	0.947	0.853	0.804	0.795	0.116	0.049	0.043	0.044	0.044	0.863	0.982	0.964	0.987	0.946	0.971	0.906	0.039	0.043	0.044	0.044	0.044	0.841	0.936	0.911	0.934	0.215	0.112	0.113	0.113	0.044	0.045	0.045	0.043	0.043	0.043	0.045	0.044	0.044	0.044	0.043	0.043	0.045	0.043	0.047	0.046
6:28:05	0.914	0.913	0.93	0.913	0.886	0.896	0.889	0.043	0.045	0.043	0.044	0.046	0.78	0.816	0.82	0.81	0.832	0.827	0.838	0.044	0.044	0.044	0.044	0.044	0.803	0.83	0.821	0.834	0.816	0.795	0.78	0.712	0.043	0.044	0.045	0.043	0.906	0.942	0.899	0.947	0.978	0.952	0.95	0.043	0.043	0.05	0.044	0.044	0.87	0.911	0.895	0.953	0.86	0.817	0.806	0.116	0.049	0.044	0.044	0.044	0.867	0.988	0.967	0.991	0.95	0.973	0.91	0.039	0.043	0.044	0.044	0.044	0.845	0.941	0.914	0.943	0.226	0.112	0.113	0.113	0.044	0.045	0.045	0.043	0.043	0.043	0.044	0.044	0.044	0.044	0.043	0.043	0.045	0.044	0.047	0.046
6:38:05	0.916	0.914	0.931	0.915	0.887	0.898	0.89	0.043	0.044	0.043	0.044	0.046	0.78	0.817	0.82	0.81	0.832	0.826	0.838	0.043	0.044	0.043	0.044	0.044	0.804	0.829	0.825	0.836	0.826	0.802	0.785	0.724	0.043	0.044	0.044	0.043	0.909	0.952	0.908	0.956	0.978	0.959	0.955	0.044	0.043	0.05	0.044	0.044	0.872	0.914	0.896	0.967	0.866	0.827	0.815	0.116	0.049	0.043	0.044	0.044	0.875	0.99	0.971	0.995	0.953	0.978	0.914	0.039	0.043	0.044	0.044	0.044	0.849	0.944	0.919	0.949	0.238	0.112	0.113	0.113	0.044	0.045	0.045	0.043	0.043	0.043	0.045	0.043	0.044	0.044	0.043	0.043	0.044	0.043	0.047	0.046
6:48:05	0.917	0.914	0.932	0.915	0.888	0.899	0.89	0.043	0.045	0.043	0.044	0.046	0.782	0.817	0.821	0.811	0.833	0.827	0.838	0.044	0.044	0.043	0.044	0.044	0.803	0.83	0.824	0.843	0.826	0.807	0.79	0.738	0.043	0.044	0.045	0.043	0.919	0.957	0.91	0.962	0.978	0.968	0.965	0.044	0.043	0.05	0.044	0.045	0.875	0.916	0.899	0.972	0.871	0.837	0.823	0.115	0.049	0.044	0.044	0.044	0.883	0.994	0.975	0.999	0.961	0.987	0.923	0.039	0.043	0.044	0.044	0.044	0.854	0.948	0.922	0.956	0.252	0.112	0.113	0.113	0.044	0.045	0.045	0.043	0.043	0.043	0.045	0.044	0.044	0.044	0.043	0.043	0.045	0.044	0.047	0.046
6:58:05	0.916	0.914	0.932	0.914	0.889	0.898	0.891	0.043	0.045	0.043	0.044	0.046	0.783	0.818	0.822	0.812	0.833	0.827	0.84	0.043	0.044	0.044	0.044	0.044	0.804	0.831	0.823	0.835	0.826	0.808	0.79	0.751	0.043	0.044	0.045	0.043	0.924	0.957	0.911	0.962	0.977	0.97	0.967	0.044	0.043	0.05	0.044	0.044	0.878	0.922	0.901	0.973	0.876	0.845	0.83	0.115	0.049	0.043	0.044	0.044	0.885	0.999	0.986	1.01	0.969	0.995	0.93	0.039	0.043	0.044	0.044	0.044	0.858	0.952	0.927	0.961	0.268	0.112	0.113	0.112	0.044	0.045	0.045	0.043	0.043	0.043	0.044	0.044	0.044	0.044	0.043	0.043	0.044	0.043	0.047	0.046
7:08:05	0.917	0.914	0.933	0.914	0.889	0.9	0.891	0.043	0.045	0.043	0.044	0.046	0.783	0.819	0.822	0.815	0.834	0.826	0.84	0.044	0.044	0.044	0.044	0.044	0.806	0.834	0.825	0.837	0.828	0.811	0.792	0.765	0.043	0.044	0.044	0.043	0.925	0.957	0.911	0.962	0.975	0.97	0.967	0.044	0.043	0.05	0.044	0.044	0.883	0.929	0.91	0.973	0.881	0.851	0.836	0.115	0.049	0.044	0.044	0.044	0.884	1.008	0.991	1.015	0.971	0.997	0.933	0.039	0.043	0.044	0.044	0.044	0.861	0.953	0.929	0.966	0.286	0.112	0.113	0.112	0.044	0.045	0.045	0.043	0.043	0.043	0.045	0.044	0.044	0.044	0.043	0.043	0.045	0.043	0.047	0.046
7:18:05	0.916	0.915	0.932	0.914	0.889	0.9	0.891	0.043	0.045	0.043	0.044	0.046	0.783	0.82	0.822	0.808	0.834	0.825	0.841	0.043	0.044	0.044	0.044	0.044	0.807	0.833	0.825	0.837	0.828	0.812	0.791	0.771	0.043	0.044	0.045	0.043	0.925	0.955	0.91	0.96	0.974	0.967	0.966	0.044	0.043	0.05	0.044	0.044	0.889	0.929	0.912	0.972	0.884	0.857	0.842	0.114	0.049	0.044	0.044	0.044	0.883	1.012	0.992	1.015	0.971	0.997	0.933	0.039	0.043	0.044	0.044	0.044	0.863	0.963	0.931	0.971	0.307	0.112	0.113	0.112	0.044	0.045	0.045	0.043	0.043	0.043	0.045	0.044	0.044	0.044	0.043	0.043	0.045	0.043	0.047	0.046
7:28:05	0.915	0.914	0.932	0.915	0.889	0.899	0.893	0.043	0.045	0.043	0.044	0.046	0.786	0.821	0.823	0.807	0.835	0.825	0.84	0.044	0.044	0.043	0.044	0.044	0.808	0.833	0.826	0.837	0.827	0.812	0.791	0.773	0.043	0.044	0.045	0.043	0.924	0.953	0.908	0.959	0.972	0.966	0.965	0.044	0.043	0.05	0.044	0.044	0.891	0.93	0.914	0.971	0.895	0.862	0.848	0.114	0.049	0.044	0.044	0.044	0.883	1.011	0.992	1.015	0.97	0.996	0.933	0.039	0.043	0.044	0.044	0.044	0.867	0.967	0.934	0.984	0.331	0.112	0.113	0.112	0.044	0.045	0.045	0.043	0.043	0.043	0.045	0.044	0.044	0.044	0.043	0.043	0.045	0.043	0.047	0.046
7:38:05	0.915	0.914	0.932	0.915	0.889	0.899	0.89	0.043	0.045	0.043	0.044	0.046	0.785	0.821	0.824	0.808	0.834	0.825	0.842	0.044	0.044	0.044	0.044	0.044	0.809	0.834	0.826	0.837	0.83	0.811	0.789	0.777	0.043	0.044	0.045	0.043	0.923	0.952	0.907	0.957	0.97	0.964	0.962	0.044	0.043	0.05	0.044	0.044	0.89	0.929	0.912	0.97	0.903	0.867	0.852	0.114	0.049	0.044	0.044	0.044	0.881	1.011	0.991	1.013	0.97	0.995	0.932	0.039	0.043	0.044	0.044	0.044	0.876	0.968	0.943	0.992	0.358	0.112	0.113	0.112	0.044	0.045	0.045	0.043	0.043	0.043	0.045	0.044	0.044	0.044	0.043	0.043	0.044	0.044	0.047	0.046
7:48:05	0.915	0.914	0.933	0.914	0.888	0.9	0.891	0.043	0.045	0.043	0.044	0.046	0.785	0.82	0.826	0.809	0.834	0.824	0.841	0.044	0.044	0.044	0.044	0.044	0.811	0.836	0.827	0.837	0.831	0.81	0.787	0.781	0.043	0.044	0.045	0.043	0.923	0.951	0.907	0.956	0.968	0.963	0.96	0.044	0.043	0.05	0.044	0.044	0.89	0.928	0.911	0.968	0.906	0.872	0.857	0.113	0.049	0.044	0.044	0.044	0.881	1.009	0.991	1.011	0.968	0.993	0.93	0.04	0.043	0.044	0.044	0.044	0.877	0.967	0.946	0.994	0.384	0.112	0.112	0.112	0.044	0.045	0.045	0.043	0.043	0.043	0.045	0.044	0.044	0.044	0.043	0.043	0.045	0.044	0.047	0.046
7:58:05	0.914	0.914	0.932	0.916	0.888	0.899	0.89	0.043	0.045	0.043	0.044	0.046	0.785	0.822	0.822	0.808	0.834	0.823	0.841	0.044	0.044	0.044	0.044	0.044	0.811	0.836	0.827	0.843	0.83	0.811	0.783	0.782	0.043	0.044	0.045	0.043	0.921	0.948	0.907	0.954	0.968	0.961	0.958	0.044	0.043	0.05	0.044	0.044	0.889	0.927	0.909	0.966	0.907	0.876	0.861	0.113	0.049	0.044	0.044	0.044	0.88	1.008	0.99	1.01	0.967	0.99	0.931	0.039	0.043	0.044	0.044	0.044	0.877	0.966	0.944	0.995	0.411	0.112	0.112	0.112	0.044	0.045	0.045	0.043	0.043	0.043	0.045	0.044	0.044	0.044	0.043	0.043	0.045	0.044	0.047	0.046
8:08:05	0.913	0.914	0.932	0.914	0.888	0.904	0.891	0.043	0.045	0.043	0.044	0.046	0.785	0.822	0.821	0.809	0.834	0.821	0.84	0.044	0.044	0.044	0.044	0.044	0.812	0.835	0.825	0.836	0.831	0.809	0.781	0.784	0.043	0.044	0.045	0.043	0.921	0.947	0.905	0.953	0.965	0.959	0.956	0.044	0.043	0.05	0.044	0.045	0.888	0.925	0.908	0.965	0.906	0.879	0.874	0.113	0.049	0.044	0.044	0.044	0.879	1.007	0.989	1.008	0.966	0.99	0.928	0.039	0.043	0.044	0.044	0.044	0.877	0.966	0.945	0.995	0.438	0.112	0.112	0.112	0.044	0.045	0.045	0.043	0.043	0.043	0.045	0.044	0.044	0.044	0.043	0.044	0.045	0.044	0.047	0.046
8:18:05	0.913	0.914	0.931	0.915	0.888	0.899	0.89	0.043	0.045	0.043	0.044	0.046	0.785	0.821	0.821	0.808	0.833	0.822	0.839	0.044	0.044	0.044	0.044	0.044	0.812	0.835	0.825	0.839	0.842	0.808	0.779	0.784	0.043	0.044	0.045	0.043	0.92	0.946	0.905	0.951	0.964	0.958	0.953	0.044	0.043	0.05	0.044	0.044	0.887	0.924	0.907	0.963	0.907	0.889	0.879	0.113	0.049	0.044	0.044	0.044	0.878	1.005	0.988	1.007	0.965	0.988	0.927	0.039	0.043	0.044	0.044	0.044	0.875	0.964	0.943	0.994	0.462	0.112	0.112	0.112	0.044	0.045	0.045	0.043	0.043	0.043	0.045	0.044	0.044	0.044	0.043	0.043	0.044	0.043	0.047	0.046
8:28:05	0.912	0.913	0.931	0.915	0.888	0.899	0.89	0.043	0.045	0.043	0.044	0.046	0.787	0.82	0.821	0.809	0.833	0.819	0.84	0.043	0.044	0.044	0.044	0.044	0.812	0.835	0.826	0.835	0.827	0.807	0.776	0.782	0.043	0.044	0.045	0.043	0.919	0.944	0.903	0.95	0.963	0.956	0.952	0.044	0.043	0.05	0.044	0.044	0.886	0.924	0.905	0.962	0.906	0.897	0.881	0.113	0.049	0.044	0.044	0.044	0.877	1.004	0.987	1.006	0.964	0.986	0.925	0.039	0.043	0.044	0.044	0.044	0.874	0.963	0.942	0.993	0.486	0.112	0.112	0.112	0.044	0.045	0.045	0.043	0.043	0.043	0.045	0.044	0.044	0.044	0.043	0.043	0.045	0.044	0.047	0.046
8:38:05	0.912	0.913	0.93	0.914	0.888	0.899	0.89	0.043	0.045	0.043	0.044	0.046	0.786	0.819	0.821	0.808	0.833	0.819	0.839	0.044	0.044	0.043	0.044	0.044	0.812	0.835	0.826	0.832	0.825	0.803	0.769	0.777	0.043	0.044	0.045	0.043	0.918	0.943	0.903	0.95	0.961	0.955	0.95	0.044	0.043	0.05	0.044	0.045	0.885	0.923	0.904	0.961	0.905	0.9	0.882	0.112	0.049	0.044	0.044	0.044	0.876	1.003	0.987	1.004	0.963	0.986	0.925	0.039	0.043	0.044	0.044	0.044	0.874	0.962	0.942	0.992	0.515	0.112	0.112	0.112	0.044	0.045	0.045	0.043	0.043	0.043	0.045	0.044	0.044	0.044	0.043	0.043	0.045	0.044	0.047	0.046
8:48:05	0.912	0.913	0.931	0.914	0.888	0.899	0.89	0.043	0.045	0.043	0.044	0.046	0.786	0.819	0.82	0.808	0.832	0.82	0.839	0.044	0.044	0.043	0.044	0.044	0.813	0.836	0.826	0.829	0.824	0.8	0.762	0.771	0.043	0.044	0.045	0.043	0.918	0.942	0.902	0.947	0.959	0.952	0.948	0.043	0.043	0.05	0.044	0.044	0.885	0.921	0.902	0.959	0.903	0.901	0.882	0.112	0.049	0.044	0.044	0.044	0.875	1.003	0.985	1.003	0.962	0.984	0.924	0.039	0.043	0.044	0.044	0.044	0.872	0.959	0.939	0.991	0.569	0.112	0.112	0.112	0.044	0.045	0.045	0.043	0.043	0.043	0.044	0.044	0.044	0.044	0.043	0.043	0.044	0.044	0.047	0.046
8:58:05	0.912	0.914	0.931	0.915	0.887	0.899	0.89	0.043	0.045	0.043	0.044	0.046	0.787	0.82	0.82	0.81	0.831	0.818	0.837	0.043	0.044	0.044	0.044	0.044	0.812	0.834	0.826	0.826	0.819	0.798	0.755	0.764	0.043	0.044	0.045	0.043	0.916	0.941	0.901	0.947	0.957	0.95	0.946	0.043	0.043	0.05	0.044	0.044	0.883	0.921	0.9	0.958	0.905	0.9	0.88	0.112	0.049	0.044	0.044	0.044	0.875	1.002	0.985	1.001	0.961	0.984	0.922	0.039	0.043	0.044	0.043	0.044	0.871	0.958	0.938	0.989	0.588	0.112	0.112	0.112	0.043	0.045	0.045	0.043	0.043	0.043	0.045	0.044	0.044	0.044	0.043	0.043	0.045	0.044	0.047	0.046
9:08:05	0.911	0.914	0.93	0.914	0.888	0.899	0.89	0.043	0.045	0.043	0.044	0.046	0.786	0.82	0.819	0.807	0.83	0.818	0.836	0.043	0.044	0.043	0.043	0.044	0.814	0.835	0.825	0.828	0.819	0.794	0.749	0.761	0.042	0.044	0.045	0.043	0.916	0.939	0.901	0.946	0.956	0.949	0.945	0.043	0.043	0.05	0.044	0.044	0.882	0.919	0.899	0.956	0.901	0.899	0.88	0.112	0.049	0.043	0.044	0.044	0.874	1	0.983	1	0.96	0.982	0.922	0.039	0.043	0.044	0.044	0.044	0.87	0.957	0.937	0.988	0.607	0.112	0.114	0.111	0.043	0.045	0.045	0.043	0.043	0.043	0.044	0.044	0.044	0.044	0.043	0.043	0.044	0.043	0.047	0.046
9:18:05	0.912	0.913	0.93	0.914	0.888	0.899	0.89	0.043	0.044	0.043	0.044	0.046	0.786	0.818	0.819	0.808	0.829	0.817	0.837	0.043	0.044	0.044	0.044	0.044	0.811	0.833	0.825	0.816	0.817	0.79	0.74	0.758	0.043	0.044	0.045	0.043	0.915	0.937	0.901	0.944	0.956	0.948	0.944	0.043	0.043	0.05	0.044	0.044	0.881	0.919	0.899	0.956	0.901	0.898	0.879	0.112	0.049	0.044	0.044	0.044	0.874	0.999	0.982	0.999	0.96	0.982	0.922	0.039	0.043	0.044	0.044	0.044	0.869	0.956	0.937	0.988	0.626	0.113	0.112	0.112	0.044	0.045	0.045	0.043	0.043	0.043	0.045	0.044	0.044	0.044	0.043	0.043	0.045	0.044	0.047	0.046
9:28:05	0.911	0.913	0.93	0.914	0.887	0.899	0.89	0.043	0.045	0.043	0.044	0.046	0.786	0.819	0.818	0.807	0.829	0.815	0.835	0.044	0.044	0.044	0.044	0.044	0.812	0.832	0.824	0.816	0.813	0.79	0.734	0.753	0.043	0.044	0.045	0.043	0.915	0.937	0.9	0.944	0.954	0.947	0.941	0.043	0.043	0.05	0.044	0.044	0.88	0.917	0.897	0.954	0.901	0.897	0.877	0.112	0.049	0.044	0.044	0.044	0.874	0.998	0.981	0.998	0.959	0.981	0.92	0.039	0.043	0.044	0.044	0.044	0.869	0.955	0.935	0.987	0.641	0.113	0.112	0.111	0.044	0.045	0.045	0.043	0.043	0.043	0.045	0.044	0.044	0.044	0.043	0.043	0.045	0.043	0.047	0.046
9:38:05	0.911	0.913	0.93	0.913	0.888	0.899	0.889	0.043	0.045	0.043	0.044	0.046	0.784	0.819	0.817	0.807	0.828	0.815	0.834	0.044	0.044	0.044	0.044	0.044	0.812	0.831	0.824	0.814	0.807	0.786	0.728	0.75	0.043	0.044	0.045	0.043	0.914	0.934	0.9	0.944	0.954	0.946	0.941	0.044	0.043	0.05	0.044	0.045	0.879	0.917	0.896	0.953	0.899	0.895	0.877	0.111	0.049	0.044	0.044	0.044	0.874	0.998	0.981	0.997	0.959	0.979	0.92	0.039	0.043	0.044	0.044	0.044	0.868	0.954	0.935	0.986	0.654	0.114	0.112	0.112	0.044	0.045	0.045	0.043	0.043	0.043	0.045	0.044	0.044	0.044	0.043	0.043	0.045	0.044	0.047	0.046
9:48:05	0.911	0.914	0.93	0.913	0.887	0.899	0.89	0.043	0.045	0.043	0.044	0.046	0.784	0.817	0.816	0.808	0.827	0.813	0.833	0.043	0.044	0.044	0.044	0.044	0.811	0.831	0.822	0.811	0.803	0.784	0.722	0.746	0.043	0.044	0.045	0.043	0.913	0.935	0.9	0.942	0.953	0.944	0.939	0.044	0.043	0.05	0.044	0.044	0.879	0.916	0.893	0.951	0.898	0.894	0.875	0.111	0.049	0.044	0.044	0.044	0.873	0.997	0.979	0.996	0.957	0.979	0.92	0.039	0.043	0.044	0.044	0.044	0.867	0.953	0.932	0.984	0.667	0.113	0.113	0.112	0.044	0.045	0.045	0.043	0.043	0.043	0.045	0.044	0.044	0.044	0.043	0.043	0.045	0.044	0.047	0.046
9:58:05	0.91	0.914	0.93	0.914	0.888	0.898	0.889	0.043	0.045	0.043	0.044	0.046	0.783	0.817	0.815	0.805	0.826	0.812	0.831	0.044	0.044	0.043	0.044	0.044	0.811	0.832	0.822	0.807	0.887	0.781	0.715	0.744	0.043	0.044	0.045	0.043	0.913	0.933	0.9	0.942	0.952	0.943	0.938	0.044	0.043	0.05	0.044	0.044	0.878	0.915	0.893	0.95	0.897	0.893	0.874	0.111	0.049	0.043	0.044	0.044	0.873	0.996	0.979	0.994	0.957	0.979	0.919	0.039	0.043	0.044	0.044	0.044	0.866	0.953	0.931	0.983	0.68	0.114	0.113	0.112	0.044	0.045	0.045	0.043	0.043	0.043	0.045	0.044	0.044	0.044	0.043	0.043	0.044	0.044	0.047	0.046
10:08:05	0.91	0.914	0.93	0.914	0.888	0.899	0.889	0.043	0.044	0.043	0.044	0.046	0.783	0.816	0.816	0.806	0.825	0.811	0.83	0.043	0.044	0.043	0.043	0.044	0.809	0.827	0.821	0.802	0.8	0.777	0.708	0.741	0.042	0.044	0.044	0.043	0.913	0.934	0.899	0.941	0.95	0.942	0.937	0.043	0.043	0.05	0.043	0.044	0.877	0.914	0.891	0.949	0.895	0.892	0.872	0.111	0.048	0.043	0.044	0.044	0.872	0.995	0.978	0.994	0.956	0.977	0.918	0.039	0.043	0.044	0.043	0.044	0.864	0.95	0.93	0.982	0.693	0.115	0.113	0.112	0.044	0.045	0.045	0.043	0.043	0.043	0.044	0.043	0.044	0.044	0.043	0.043	0.044	0.044	0.047	0.046
10:18:05	0.91	0.914	0.93	0.915	0.889	0.899	0.89	0.043	0.045	0.043	0.044	0.046	0.782	0.816	0.815	0.805	0.823	0.809	0.829	0.044	0.044	0.044	0.044	0.044	0.81	0.826	0.819	0.8	0.798	0.773	0.702	0.733	0.043	0.044	0.045	0.043	0.912	0.933	0.9	0.941	0.95	0.941	0.936	0.044	0.043	0.05	0.044	0.044	0.877	0.914	0.89	0.948	0.895	0.892	0.872	0.111	0.049	0.044	0.044	0.044	0.872	0.996	0.978	0.993	0.957	0.977	0.918	0.04	0.043	0.044	0.044	0.044	0.864	0.949	0.93	0.98	0.708	0.115	0.113	0.112	0.044	0.045	0.045	0.043	0.043	0.043	0.045	0.044	0.044	0.044	0.043	0.043	0.045	0.044	0.047	0.046
10:28:05	0.91	0.914	0.929	0.914	0.887	0.898	0.889	0.043	0.045	0.043	0.044	0.046	0.781	0.814	0.814	0.804	0.823	0.809	0.828	0.044	0.044	0.043	0.044	0.044	0.807	0.825	0.819	0.795	0.795	0.769	0.693	0.723	0.043	0.044	0.045	0.043	0.911	0.931	0.899	0.941	0.948	0.94	0.935	0.043	0.043	0.05	0.044	0.044	0.875	0.913	0.889	0.946	0.895	0.891	0.871	0.111	0.049	0.044	0.044	0.044	0.871	0.993	0.977	0.992	0.955	0.977	0.918	0.039	0.043	0.044	0.044	0.044	0.864	0.949	0.928	0.98	0.723	0.115	0.113	0.112	0.044	0.045	0.045	0.043	0.043	0.043	0.045	0.044	0.044	0.044	0.043	0.043	0.045	0.044	0.047	0.046
10:38:05	0.91	0.914	0.929	0.912	0.888	0.899	0.889	0.043	0.045	0.043	0.044	0.046	0.781	0.814	0.812	0.803	0.823	0.807	0.826	0.044	0.044	0.044	0.044	0.044	0.807	0.823	0.818	0.791	0.797	0.765	0.688	0.72	0.043	0.044	0.045	0.043	0.912	0.93	0.898	0.939	0.948	0.94	0.934	0.044	0.043	0.05	0.044	0.045	0.875	0.912	0.889	0.945	0.894	0.889	0.869	0.11	0.049	0.044	0.044	0.044	0.871	0.991	0.974	0.99	0.953	0.976	0.916	0.039	0.043	0.044	0.044	0.044	0.863	0.947	0.928	0.979	0.739	0.116	0.114	0.112	0.044	0.045	0.045	0.043	0.043	0.043	0.045	0.044	0.044	0.044	0.043	0.043	0.045	0.044	0.047	0.046
10:48:05	0.91	0.915	0.929	0.914	0.887	0.898	0.89	0.043	0.045	0.043	0.044	0.046	0.78	0.812	0.811	0.803	0.82	0.805	0.824	0.043	0.044	0.044	0.044	0.044	0.807	0.822	0.817	0.787	0.785	0.762	0.681	0.712	0.042	0.044	0.044	0.043	0.911	0.93	0.898	0.938	0.947	0.938	0.933	0.044	0.043	0.05	0.044	0.044	0.875	0.911	0.888	0.944	0.895	0.888	0.869	0.11	0.049	0.044	0.044	0.044	0.869	0.989	0.972	0.988	0.953	0.975	0.916	0.039	0.043	0.044	0.044	0.044	0.862	0.947	0.928	0.977	0.752	0.117	0.114	0.112	0.044	0.045	0.045	0.043	0.043	0.043	0.044	0.044	0.044	0.044	0.043	0.043	0.045	0.044	0.047	0.046
10:58:05	0.91	0.914	0.929	0.913	0.887	0.898	0.891	0.043	0.045	0.043	0.044	0.046	0.779	0.811	0.809	0.802	0.819	0.804	0.823	0.043	0.044	0.044	0.044	0.044	0.806	0.822	0.816	0.785	0.78	0.757	0.676	0.708	0.043	0.044	0.045	0.043	0.91	0.93	0.897	0.938	0.946	0.938	0.933	0.044	0.043	0.05	0.044	0.044	0.874	0.912	0.886	0.942	0.895	0.887	0.868	0.11	0.049	0.044	0.044	0.044	0.869	0.988	0.972	0.987	0.952	0.974	0.916	0.039	0.043	0.044	0.044	0.044	0.863	0.946	0.929	0.977	0.767	0.117	0.114	0.112	0.044	0.045	0.045	0.043	0.043	0.043	0.045	0.044	0.044	0.044	0.043	0.043	0.045	0.044	0.047	0.046
11:08:05	0.91	0.914	0.929	0.913	0.888	0.898	0.889	0.043	0.044	0.043	0.044	0.046	0.779	0.81	0.814	0.801	0.818	0.803	0.822	0.043	0.044	0.043	0.044	0.044	0.805	0.82	0.814	0.781	0.776	0.752	0.67	0.702	0.042	0.044	0.045	0.043	0.909	0.929	0.896	0.938	0.945	0.937	0.932	0.043	0.043	0.05	0.044	0.044	0.873	0.911	0.887	0.941	0.894	0.886	0.866	0.11	0.049	0.044	0.044	0.044	0.868	0.987	0.971	0.986	0.95	0.972	0.914	0.039	0.043	0.044	0.044	0.044	0.861	0.945	0.927	0.975	0.783	0.119	0.114	0.112	0.043	0.045	0.045	0.043	0.043	0.043	0.044	0.043	0.044	0.044	0.043	0.043	0.045	0.043	0.047	0.046
11:18:05	0.909	0.915	0.93	0.913	0.887	0.898	0.889	0.043	0.045	0.043	0.044	0.046	0.779	0.809	0.808	0.8	0.817	0.801	0.82	0.043	0.044	0.043	0.044	0.044	0.803	0.819	0.814	0.777	0.771	0.747	0.665	0.696	0.042	0.044	0.045	0.043	0.909	0.927	0.895	0.937	0.943	0.937	0.931	0.044	0.043	0.05	0.044	0.044	0.873	0.91	0.885	0.939	0.891	0.886	0.865	0.11	0.049	0.044	0.044	0.044	0.868	0.987	0.969	0.985	0.949	0.972	0.914	0.039	0.043	0.044	0.044	0.044	0.862	0.944	0.927	0.972	0.796	0.119	0.115	0.113	0.044	0.045	0.045	0.043	0.043	0.043	0.044	0.044	0.044	0.044	0.043	0.043	0.045	0.043	0.047	0.046
11:28:05	0.91	0.914	0.929	0.913	0.886	0.898	0.889	0.043	0.045	0.043	0.044	0.046	0.778	0.808	0.807	0.8	0.816	0.799	0.817	0.043	0.044	0.044	0.044	0.044	0.802	0.818	0.813	0.772	0.768	0.743	0.659	0.691	0.043	0.044	0.045	0.043	0.908	0.927	0.895	0.936	0.942	0.936	0.931	0.044	0.043	0.05	0.044	0.044	0.872	0.91	0.885	0.937	0.891	0.883	0.865	0.11	0.049	0.043	0.044	0.044	0.868	0.986	0.968	0.985	0.95	0.971	0.914	0.039	0.043	0.044	0.044	0.044	0.861	0.944	0.927	0.969	0.808	0.121	0.116	0.113	0.044	0.045	0.045	0.043	0.043	0.043	0.045	0.044	0.044	0.044	0.043	0.043	0.045	0.043	0.047	0.046
11:38:05	0.909	0.915	0.93	0.914	0.887	0.898	0.889	0.043	0.045	0.043	0.044	0.046	0.778	0.808	0.806	0.799	0.814	0.798	0.816	0.044	0.044	0.044	0.044	0.044	0.801	0.819	0.812	0.768	0.765	0.737	0.654	0.684	0.043	0.044	0.045	0.043	0.907	0.926	0.894	0.935	0.941	0.935	0.93	0.044	0.043	0.05	0.044	0.045	0.871	0.91	0.885	0.935	0.889	0.883	0.864	0.11	0.049	0.044	0.044	0.044	0.867	0.986	0.967	0.984	0.949	0.97	0.911	0.039	0.043	0.044	0.044	0.044	0.861	0.945	0.925	0.968	0.817	0.122	0.117	0.113	0.044	0.045	0.045	0.043	0.043	0.043	0.045	0.044	0.044	0.044	0.043	0.043	0.045	0.044	0.047	0.046
11:48:05	0.909	0.915	0.929	0.912	0.886	0.897	0.888	0.043	0.045	0.043	0.044	0.046	0.777	0.806	0.805	0.798	0.813	0.797	0.815	0.043	0.044	0.043	0.044	0.044	0.799	0.817	0.812	0.765	0.76	0.731	0.648	0.68	0.042	0.044	0.044	0.043	0.907	0.925	0.894	0.934	0.941	0.935	0.93	0.043	0.043	0.05	0.043	0.044	0.871	0.909	0.884	0.933	0.888	0.883	0.863	0.11	0.049	0.043	0.044	0.044	0.865	0.985	0.967	0.983	0.948	0.97	0.912	0.039	0.043	0.044	0.044	0.044	0.861	0.942	0.926	0.966	0.825	0.123	0.117	0.113	0.044	0.045	0.045	0.043	0.043	0.043	0.044	0.044	0.044	0.044	0.043	0.043	0.045	0.043	0.047	0.046
11:58:05	0.909	0.915	0.929	0.913	0.885	0.896	0.888	0.043	0.045	0.043	0.044	0.046	0.777	0.806	0.805	0.796	0.812	0.796	0.813	0.044	0.044	0.044	0.044	0.044	0.797	0.815	0.811	0.866	0.755	0.726	0.642	0.675	0.043	0.044	0.045	0.043	0.906	0.926	0.894	0.933	0.941	0.933	0.929	0.044	0.043	0.05	0.044	0.044	0.871	0.909	0.884	0.932	0.888	0.881	0.861	0.11	0.049	0.044	0.044	0.044	0.866	0.986	0.966	0.983	0.948	0.97	0.911	0.039	0.043	0.044	0.044	0.044	0.86	0.94	0.925	0.965	0.833	0.125	0.118	0.114	0.044	0.045	0.045	0.043	0.043	0.043	0.045	0.044	0.044	0.044	0.043	0.043	0.045	0.043	0.047	0.046
12:08:05	0.909	0.916	0.929	0.912	0.885	0.896	0.888	0.043	0.045	0.043	0.044	0.046	0.775	0.805	0.803	0.796	0.81	0.795	0.812	0.044	0.044	0.044	0.044	0.044	0.796	0.814	0.809	0.83	0.748	0.722	0.636	0.669	0.043	0.044	0.045	0.043	0.905	0.925	0.893	0.933	0.94	0.933	0.928	0.043	0.043	0.05	0.044	0.044	0.871	0.908	0.883	0.93	0.886	0.88	0.86	0.11	0.049	0.044	0.044	0.044	0.864	0.984	0.966	0.982	0.947	0.97	0.909	0.039	0.043	0.044	0.044	0.044	0.86	0.94	0.925	0.965	0.838	0.126	0.119	0.114	0.044	0.045	0.045	0.043	0.043	0.043	0.044	0.044	0.044	0.044	0.043	0.043	0.045	0.044	0.047	0.046
