Time	A1	A2	A3	A4	A5	A6	A7	A8	A9	A10	A11	A12	B1	B2	B3	B4	B5	B6	B7	B8	B9	B10	B11	B12	C1	C2	C3	C4	C5	C6	C7	C8	C9	C10	C11	C12	D1	D2	D3	D4	D5	D6	D7	D8	D9	D10	D11	D12	E1	E2	E3	E4	E5	E6	E7	E8	E9	E10	E11	E12	F1	F2	F3	F4	F5	F6	F7	F8	F9	F10	F11	F12
0:08:37	11	8	15	20	0	5	8	30	31	17	11	6	24	12	25	50	14	9	10	8	0	0	20	18	27	22	0	39	31	24	10	25	25	20	44	6	11	4	9	15	0	0	5	20	5	31	19	15	0	0	21	17	0	11	0	32	17	17	8	17	32	0	0	29	11	14	28	0	24	19	47	6
0:18:37	9	0	3	5	0	44	21	21	17	26	14	11	27	27	22	6	20	19	15	0	13	19	15	8	29	23	25	25	15	34	18	26	29	4	16	29	9	2	7	7	7	26	27	0	29	15	7	27	17	3	4	14	0	0	25	18	18	0	19	2	0	27	20	16	32	9	27	15	25	23	13	8
0:28:37	18	8	8	15	0	9	13	9	15	25	28	15	12	12	29	10	5	24	5	5	26	42	33	10	33	24	37	32	23	14	35	23	25	26	9	24	4	21	24	16	2	0	26	11	10	15	8	15	12	27	0	4	28	21	0	1	0	12	12	6	21	7	18	24	15	5	13	2	34	10	30	8
0:38:37	10	12	12	28	8	33	14	10	17	19	23	22	33	7	15	27	18	12	21	20	19	0	10	35	11	26	21	36	20	28	16	36	23	24	31	25	2	9	29	6	22	24	18	29	4	0	13	7	8	13	14	11	0	12	20	20	30	23	0	2	25	8	21	39	29	27	5	13	0	17	2	0
0:48:37	13	3	20	22	0	25	0	0	6	17	8	3	14	10	22	8	10	0	28	0	8	18	18	8	23	35	0	27	32	16	17	46	16	26	22	5	11	9	19	15	10	10	0	12	18	8	9	0	22	4	27	0	23	20	7	15	4	9	14	0	19	24	8	26	9	8	13	21	40	15	18	37
0:58:37	17	14	11	0	0	0	20	11	26	14	19	21	14	15	23	0	14	16	21	12	0	0	7	3	18	18	23	31	13	22	25	28	17	23	20	32	16	7	6	7	31	14	7	24	11	0	36	16	0	6	9	32	24	24	23	3	18	7	7	17	10	14	33	30	11	32	23	18	13	6	26	24
1:08:37	0	17	0	13	5	22	26	8	23	9	19	33	0	19	21	19	0	4	14	6	13	27	21	14	13	19	37	30	38	12	18	30	32	54	28	20	17	6	3	16	0	27	0	20	21	16	17	9	7	8	21	0	21	18	12	31	25	0	21	12	13	19	7	17	24	31	12	3	0	25	25	9
1:18:37	16	27	17	18	16	13	19	9	21	20	17	8	3	21	19	26	0	16	7	5	6	16	29	6	36	20	28	39	40	38	26	26	27	3	16	37	18	11	8	0	36	0	4	20	0	17	5	16	9	0	12	6	8	8	16	39	29	10	4	6	0	22	34	17	38	38	15	21	18	12	29	25
1:28:37	25	0	11	19	25	24	17	15	12	1	10	26	10	15	2	15	1	6	20	1	11	36	1	2	11	14	2	11	23	27	25	21	30	0	12	37	25	5	24	15	19	7	9	26	19	21	7	32	21	15	15	14	17	2	0	5	33	18	21	17	11	24	41	18	0	23	25	6	26	34	26	0
1:38:37	7	15	3	22	26	3	16	23	10	6	0	0	0	10	2	19	12	21	37	21	23	10	10	0	35	26	29	34	26	27	23	6	33	9	24	64	8	23	29	21	11	20	9	5	12	11	11	32	13	14	9	19	3	2	9	11	5	14	1	22	36	10	4	22	30	24	12	8	24	23	18	5
1:48:37	8	23	45	8	28	8	4	4	0	2	11	14	22	14	8	22	20	9	34	24	30	15	14	3	42	51	0	6	34	42	18	5	26	23	26	40	7	23	11	24	12	8	19	12	30	0	0	11	5	1	32	0	20	0	1	1	10	11	17	24	22	28	20	27	16	12	30	30	10	22	46	23
1:58:37	9	0	7	21	14	0	16	10	24	21	25	4	14	11	22	29	10	19	0	0	7	31	14	16	30	18	22	12	0	29	15	37	31	25	22	34	4	7	23	31	31	2	0	20	25	24	19	19	18	19	27	18	6	0	33	0	20	0	13	9	9	9	24	8	24	31	8	11	18	15	16	29
2:08:37	23	31	11	25	12	5	24	34	29	11	20	8	19	4	13	14	20	22	17	19	4	25	0	19	32	5	14	17	18	22	8	30	44	34	28	34	9	13	31	33	8	9	21	16	22	28	5	5	0	20	9	0	13	14	8	15	4	0	8	5	32	15	13	35	25	5	18	9	11	15	25	34
2:18:37	16	17	16	7	19	21	8	8	36	7	24	12	12	24	7	10	16	7	19	26	23	9	0	0	4	33	8	18	30	21	25	2	47	28	30	9	10	14	17	24	7	20	18	5	21	28	10	12	0	18	32	0	20	16	0	25	28	13	24	7	22	21	10	9	22	28	20	21	20	20	8	29
2:28:37	21	4	10	0	17	3	21	6	22	14	0	19	14	20	26	21	11	13	5	0	9	16	21	19	19	27	10	44	23	16	34	1	3	13	18	17	29	13	25	7	0	15	5	31	0	22	2	18	21	11	2	12	2	9	6	12	10	38	19	0	20	32	42	19	24	47	32	17	39	9	33	23
2:38:37	16	20	10	9	28	29	21	26	14	0	4	9	20	16	17	25	5	25	2	12	37	52	31	7	21	42	33	32	28	29	7	29	43	42	25	18	0	11	8	8	17	24	15	17	5	23	16	13	0	17	12	8	21	11	13	12	13	26	7	0	20	0	16	12	20	22	13	27	30	7	5	19
2:48:37	10	26	15	21	17	12	9	23	14	17	7	24	27	11	26	7	30	0	25	13	9	18	15	12	31	44	44	30	24	5	43	32	46	28	25	32	0	12	13	20	0	19	28	25	26	12	23	28	4	15	13	2	29	14	7	28	0	18	17	10	32	19	23	30	37	14	10	13	26	22	9	16
2:58:37	26	0	12	18	4	35	15	0	9	4	13	2	12	16	17	24	17	36	11	1	14	28	12	12	46	21	32	42	38	33	19	26	25	48	25	13	14	6	0	11	0	26	21	13	4	0	10	17	14	8	14	0	25	6	25	13	0	20	8	8	23	16	31	27	26	27	27	17	2	8	23	30
3:08:37	20	12	0	5	25	0	21	18	13	23	17	18	12	15	42	20	6	9	28	16	17	19	14	28	51	38	46	34	22	20	13	15	39	37	24	33	19	4	21	15	9	8	26	17	0	4	1	27	11	13	24	0	33	14	20	21	25	12	11	16	22	14	30	37	15	14	17	11	25	17	22	27
3:18:37	13	25	26	6	19	31	8	4	12	22	13	16	19	4	32	32	34	28	25	39	34	21	17	0	13	19	36	9	31	24	44	35	42	0	13	16	11	0	5	22	17	14	5	23	8	5	30	14	25	0	31	11	32	0	24	6	16	15	21	2	8	18	13	25	27	11	34	14	29	32	28	46
3:28:37	27	12	8	15	1	3	6	30	16	15	10	30	30	15	21	19	28	8	32	17	24	6	17	27	48	46	25	32	26	18	16	34	25	19	34	28	16	28	29	20	13	15	20	18	10	22	25	7	20	0	11	34	8	1	37	13	7	0	13	6	27	16	18	5	31	37	26	29	26	44	26	31
3:38:37	19	30	7	0	25	15	46	5	0	3	24	27	9	16	28	12	31	28	14	0	17	24	27	20	43	39	56	26	33	46	27	41	61	36	36	33	17	5	4	19	0	12	4	10	20	25	19	15	26	16	22	14	1	14	6	14	17	12	36	25	19	17	19	22	29	24	24	0	13	46	13	49
3:48:37	19	9	11	6	14	15	24	24	2	4	8	2	16	12	19	8	9	22	0	17	28	34	14	18	29	8	5	40	27	27	31	35	27	21	45	22	23	17	21	0	16	23	9	16	28	17	29	0	25	20	4	23	21	0	27	15	2	4	8	6	27	15	33	15	20	15	27	32	32	39	45	26
3:58:37	6	2	14	18	10	35	24	13	13	0	8	23	13	8	7	17	26	19	22	7	10	27	11	12	39	19	34	37	43	28	47	34	28	40	41	22	9	7	21	0	0	6	7	5	17	28	3	22	20	27	13	9	24	17	0	19	23	4	11	18	15	29	17	41	35	26	34	27	51	26	44	42
4:08:37	20	46	19	20	19	27	10	21	28	12	11	36	43	27	14	9	19	24	10	18	13	34	10	0	43	27	37	40	27	21	38	52	53	65	38	40	24	32	15	15	14	23	7	22	19	21	0	33	0	2	13	0	14	4	19	11	27	2	19	28	30	25	44	19	46	43	37	26	31	19	45	36
4:18:37	26	27	24	24	0	11	14	32	24	17	8	15	10	16	18	18	8	0	29	20	22	32	34	24	31	50	48	41	28	36	44	34	58	34	36	39	15	19	20	18	8	0	16	23	4	2	1	25	4	8	34	0	7	13	13	12	19	28	24	13	8	28	35	23	26	34	11	31	49	36	17	27
4:28:37	12	27	13	13	24	19	16	21	20	12	9	28	18	18	7	30	8	2	15	2	20	22	0	7	36	22	45	40	28	46	18	34	36	52	44	28	18	20	10	9	14	15	2	1	25	19	26	0	17	18	5	17	18	17	0	12	1	4	3	12	33	22	37	29	30	22	30	52	47	29	31	42
4:38:37	0	10	23	7	30	27	17	15	17	9	7	16	28	31	8	6	0	4	26	7	20	9	17	24	28	27	41	36	16	51	51	40	34	43	60	22	29	11	28	19	22	6	37	11	17	9	9	20	5	22	24	4	0	15	16	0	15	7	0	5	13	41	29	34	32	54	25	29	40	23	33	41
4:48:37	19	9	12	9	18	1	28	0	10	24	8	12	5	25	5	13	16	14	17	13	5	26	19	20	40	40	44	33	37	41	45	49	29	51	44	52	18	4	15	12	27	15	28	19	12	0	0	17	11	5	2	16	18	0	8	38	7	8	24	18	33	34	11	35	39	31	42	28	42	28	34	46
4:58:37	16	0	37	22	25	5	13	29	28	15	23	0	24	13	32	15	4	20	2	19	14	13	22	12	43	50	25	34	35	42	44	45	48	46	41	50	23	14	15	0	0	24	0	8	15	24	10	10	11	15	1	0	12	0	26	4	0	14	22	23	33	9	18	22	48	30	51	19	26	51	45	53
5:08:37	24	16	14	12	17	11	27	11	7	3	24	13	23	12	8	15	30	12	12	0	17	3	8	13	36	38	31	39	43	27	54	37	43	57	49	49	16	34	13	2	17	20	21	9	19	27	18	13	18	13	4	14	17	1	2	7	0	29	13	7	27	35	24	36	25	34	32	36	31	17	40	39
5:18:37	7	36	11	0	9	13	13	32	10	30	11	7	13	8	13	23	13	23	29	12	16	33	15	2	38	24	40	43	36	28	33	69	50	57	61	48	25	6	18	36	19	3	4	37	20	13	4	10	9	17	2	6	9	2	10	3	32	32	23	21	42	34	36	36	45	35	44	40	52	57	54	48
5:28:37	12	14	37	18	4	16	20	12	19	0	16	24	19	0	16	11	17	18	15	39	21	21	2	36	46	35	33	43	37	52	35	59	39	57	34	41	14	13	43	19	9	44	12	10	11	17	10	3	14	0	14	6	3	26	1	11	23	0	0	11	45	31	42	33	47	31	28	39	40	34	54	33
5:38:37	13	21	6	12	37	25	20	16	22	14	12	0	9	11	26	8	38	14	5	15	11	0	6	3	52	46	56	26	38	39	64	54	51	53	67	37	20	13	18	18	26	30	21	16	26	9	13	12	10	0	4	6	10	16	8	2	17	19	0	0	32	34	49	47	27	50	24	51	21	45	45	58
5:48:37	25	18	41	45	32	18	6	7	18	34	23	13	6	12	23	16	15	11	18	29	7	22	5	8	46	46	42	40	47	46	53	38	63	49	69	52	18	26	10	25	0	20	25	8	15	19	14	7	0	18	9	0	19	18	21	2	11	13	36	24	26	36	33	45	22	31	55	24	39	23	39	43
5:58:37	18	2	28	9	15	23	18	20	16	14	11	26	15	16	29	21	14	33	14	4	12	0	28	16	30	38	38	42	43	49	51	58	54	58	64	62	12	0	9	8	5	44	17	13	23	37	32	18	13	3	2	13	10	5	0	1	14	0	0	0	26	40	27	39	36	55	37	45	33	46	47	50
6:08:37	20	4	0	11	15	4	23	15	9	18	20	18	38	26	19	9	35	13	3	18	16	21	41	33	52	45	36	41	36	42	67	50	38	47	69	72	23	18	25	26	11	9	33	17	21	21	31	10	3	31	9	12	0	8	8	22	15	22	15	0	35	32	31	23	36	28	38	33	24	45	54	43
6:18:37	17	24	16	17	13	28	27	8	33	18	3	43	24	3	23	22	17	39	9	0	36	15	17	22	43	43	39	31	43	30	35	52	62	50	40	51	8	4	24	31	7	27	8	18	0	0	15	16	9	0	0	13	0	11	23	7	3	0	7	15	24	28	44	40	47	26	33	42	48	35	34	58
6:28:37	25	34	28	11	13	18	18	27	12	10	30	22	17	8	0	16	13	6	12	24	43	10	22	23	39	39	46	49	43	39	63	51	68	64	39	72	28	22	27	4	28	24	12	32	15	1	13	0	0	14	0	11	21	14	3	0	20	7	4	17	27	39	45	25	45	44	40	37	27	33	29	49
6:38:37	5	15	5	16	18	19	12	6	37	17	10	13	20	15	23	16	11	11	6	15	8	11	33	24	56	48	47	62	50	49	45	45	39	48	58	52	15	5	36	28	14	32	11	18	31	23	4	10	10	9	19	5	2	11	14	0	33	14	20	5	25	20	51	45	57	19	61	31	49	47	39	52
6:48:37	23	18	17	17	0	13	18	29	21	22	17	2	2	13	1	34	19	16	17	17	5	9	15	4	53	54	67	42	52	39	55	53	61	66	70	68	22	4	27	16	16	20	0	11	9	26	17	22	0	23	0	12	17	19	12	8	11	0	0	16	30	28	40	50	44	46	18	35	55	50	50	71
6:58:37	0	15	0	13	17	19	20	20	20	0	27	12	16	27	24	0	16	6	9	21	33	11	5	26	25	51	28	39	56	40	53	62	70	62	35	63	18	4	25	30	23	9	12	1	24	20	13	22	2	0	7	9	2	0	21	10	28	33	10	0	58	28	36	38	48	48	29	55	42	43	48	67
7:08:37	5	18	22	28	5	0	4	16	21	7	22	40	25	16	43	12	11	16	22	38	31	29	16	18	21	45	34	54	66	42	38	35	59	83	57	76	23	0	34	17	21	9	20	14	14	33	28	34	0	0	9	0	0	8	14	21	23	22	21	0	38	37	32	38	44	56	48	37	46	36	47	43
7:18:37	17	6	26	0	26	20	31	13	25	21	28	26	0	9	14	3	0	31	26	29	21	22	7	13	38	38	34	41	47	31	55	51	56	69	47	48	0	14	24	0	16	11	13	17	20	9	9	0	7	0	3	19	21	0	17	2	12	2	12	2	46	32	32	49	36	64	44	40	36	31	50	40
7:28:37	20	13	29	16	17	14	2	19	24	15	17	19	15	10	15	11	0	5	27	17	27	25	40	22	34	47	47	44	46	36	47	66	67	61	84	64	4	13	9	15	31	36	10	23	20	26	26	15	0	0	0	0	6	7	8	0	10	9	4	10	11	36	38	42	62	58	46	38	51	46	45	46
7:38:37	11	33	28	26	12	21	24	26	12	18	6	18	23	17	18	30	18	21	11	30	25	20	17	22	46	65	43	52	45	53	43	56	63	68	59	77	13	11	16	10	12	23	10	12	7	17	23	16	0	0	17	4	11	0	1	25	7	0	4	0	40	48	24	50	69	49	31	60	47	35	47	45
7:48:37	10	20	31	12	7	16	26	12	23	15	15	18	22	10	26	2	14	12	18	13	20	7	24	12	44	51	45	64	43	52	57	60	72	63	68	55	8	15	24	11	20	11	13	30	27	39	26	34	0	7	0	8	20	4	0	18	14	7	19	11	48	49	45	23	44	50	51	38	50	54	39	65
7:58:37	29	12	13	25	26	27	22	28	21	16	6	16	10	23	18	8	6	10	31	18	12	16	8	31	34	52	61	48	32	48	59	52	48	63	77	73	20	8	21	29	25	24	8	17	23	14	20	8	0	17	12	0	11	4	0	8	12	0	11	0	33	44	37	54	58	37	25	20	49	43	36	57
8:08:37	24	16	10	2	37	28	40	10	7	20	18	24	23	13	21	28	55	0	37	22	22	17	11	11	44	30	45	57	45	54	51	54	92	66	69	54	12	16	21	19	23	1	14	25	19	34	12	30	0	5	17	0	0	9	14	5	22	14	4	10	43	51	42	47	29	46	56	34	40	54	34	48
8:18:37	16	12	17	19	19	11	44	8	16	21	25	21	19	24	28	11	25	25	0	14	13	14	22	3	37	50	58	39	30	35	74	42	65	69	81	67	36	30	28	17	15	23	6	16	0	33	7	29	0	6	12	0	3	0	7	5	5	17	16	16	47	38	42	50	36	63	44	36	38	38	46	68
8:28:37	7	14	24	15	18	21	7	30	27	5	31	23	0	10	11	31	18	0	0	28	13	18	2	8	35	53	38	61	51	32	58	45	82	75	74	50	7	22	8	14	17	21	6	34	25	26	7	16	13	0	2	0	3	17	5	0	22	11	13	0	43	40	48	48	48	40	39	23	52	31	48	60
8:38:37	20	20	26	19	4	40	24	17	41	20	25	15	24	15	22	31	14	21	0	1	20	28	30	17	58	53	46	40	65	50	47	46	86	54	60	48	30	13	14	27	9	25	6	10	14	28	47	12	15	0	13	17	3	6	0	0	0	9	1	1	44	31	36	69	49	39	53	33	48	51	29	55
8:48:37	24	26	25	22	25	26	28	17	23	20	31	32	21	24	31	18	4	20	4	31	11	19	10	15	42	52	54	42	55	45	46	39	78	65	81	46	15	22	13	24	22	33	22	14	14	18	12	17	0	0	0	6	0	9	0	3	0	0	21	0	23	41	62	47	49	22	48	51	43	47	38	54
8:58:37	33	20	26	20	35	29	20	13	23	36	21	24	9	25	17	7	19	10	35	35	34	15	10	17	20	58	66	59	65	48	51	54	49	72	56	66	26	23	23	35	28	23	12	27	19	40	21	29	3	0	8	5	3	12	21	1	12	0	17	10	64	45	24	53	34	46	47	34	41	52	28	46
9:08:37	33	28	30	18	17	20	6	20	18	13	23	22	19	7	11	8	12	13	11	2	6	24	24	0	48	57	34	53	73	46	54	61	72	59	70	60	12	13	0	25	13	24	24	23	24	19	32	24	5	24	11	0	0	0	28	5	18	0	5	0	38	47	47	25	44	51	23	54	42	61	44	58
9:18:37	10	17	50	30	34	10	21	15	16	14	28	22	29	13	23	16	20	0	12	7	0	17	13	22	38	52	54	46	33	31	60	50	64	63	82	70	12	2	11	11	35	0	7	14	27	34	18	3	10	0	6	3	4	3	8	0	22	4	8	1	55	64	47	40	65	50	47	58	40	50	47	62
9:28:37	10	4	32	17	3	20	5	23	43	34	14	11	21	12	5	35	34	17	25	34	23	33	20	31	52	38	38	51	48	49	60	60	81	55	54	53	15	20	14	30	19	19	18	37	1	19	16	28	0	0	0	0	2	6	0	3	0	0	2	0	54	31	37	61	61	46	60	48	57	58	44	52
9:38:37	23	18	18	21	16	14	26	2	14	11	13	25	22	29	20	13	12	4	11	5	24	28	16	26	28	60	37	46	48	40	72	71	67	65	80	67	15	20	17	43	23	23	33	17	24	7	31	25	7	7	0	0	3	14	13	0	4	0	0	1	21	36	59	53	60	51	49	44	60	64	43	58
9:48:37	23	19	23	19	21	29	13	16	21	27	10	17	7	39	17	18	34	25	22	20	12	13	21	16	30	71	36	71	48	61	52	72	69	76	69	65	30	28	7	28	10	14	46	10	27	17	16	33	0	0	4	10	1	1	17	0	2	12	0	8	31	43	58	60	66	70	33	37	31	52	42	53
9:58:37	5	29	26	25	2	22	13	16	24	27	26	33	22	21	25	18	11	28	14	17	20	21	25	10	34	51	56	47	57	54	46	62	60	64	67	74	20	17	27	21	3	18	29	16	16	28	25	32	0	0	8	0	10	0	2	0	8	1	8	12	45	48	53	35	46	60	34	53	64	44	44	80
10:08:37	19	13	34	29	17	29	22	10	23	30	33	37	27	23	15	26	19	21	17	10	15	16	0	25	55	40	52	60	59	58	66	68	68	56	78	65	26	19	32	17	20	20	30	37	15	12	28	17	0	19	0	10	12	0	21	11	0	13	0	20	47	40	51	42	69	56	36	40	38	51	27	47
10:18:37	13	11	30	38	18	17	15	29	32	37	35	5	2	10	4	21	33	13	9	18	23	21	9	16	38	36	53	58	50	54	72	46	60	75	56	79	30	3	18	32	27	26	14	42	58	40	23	19	0	1	4	14	13	2	0	0	0	0	0	0	44	60	50	63	38	50	44	50	47	57	42	47
10:28:37	34	20	16	29	22	17	15	25	38	26	16	26	0	24	2	14	18	35	33	9	9	14	23	28	36	63	47	56	71	47	50	57	84	73	69	60	25	29	13	18	28	22	31	16	29	13	24	17	12	3	0	0	12	0	0	17	0	8	0	9	33	64	30	44	29	45	26	29	56	55	40	76
10:38:37	22	19	17	13	25	27	31	23	17	10	23	25	15	23	14	25	42	1	17	13	15	16	14	22	41	54	55	54	64	64	64	73	64	68	74	76	16	34	28	23	0	27	27	20	45	22	28	12	0	9	7	9	0	0	11	3	0	0	9	0	36	28	30	53	53	50	40	40	41	43	40	47
10:48:37	25	25	21	8	24	28	36	17	11	21	16	33	21	36	14	10	0	32	10	20	5	20	20	16	48	64	56	54	51	79	59	73	68	81	75	75	22	21	28	27	11	27	11	31	10	17	25	1	0	0	6	15	18	0	0	2	6	0	0	0	47	53	56	49	54	46	37	43	26	42	31	51
10:58:37	14	19	18	17	15	14	24	20	24	33	15	37	10	4	31	16	16	9	11	24	10	9	25	18	38	64	28	59	58	30	72	80	61	74	77	71	30	25	18	28	4	30	28	21	18	10	39	15	8	16	0	10	3	4	6	0	20	10	8	8	57	49	35	41	48	63	52	55	46	30	51	55
11:08:37	0	34	23	25	17	17	10	5	34	27	28	8	25	16	24	13	2	18	13	7	12	8	23	29	31	59	49	51	60	58	47	43	77	80	54	89	8	28	25	16	32	28	30	48	22	7	27	9	14	2	23	12	7	10	15	15	18	0	6	0	40	45	44	50	48	32	46	32	43	32	66	69
11:18:37	31	8	44	7	29	24	24	52	22	20	23	21	15	27	11	21	8	22	6	6	22	16	17	15	37	73	45	73	59	44	61	71	66	62	80	59	13	23	24	29	0	17	19	22	28	18	9	5	0	10	5	1	3	0	0	0	6	4	0	0	45	32	46	59	55	56	66	31	43	24	52	54
11:28:37	22	26	16	24	23	25	27	16	11	24	25	33	2	21	6	24	26	15	11	31	16	3	13	28	30	62	52	33	55	44	59	78	57	75	82	82	15	30	34	20	34	31	11	8	32	29	30	14	1	0	5	7	3	9	13	0	14	3	2	9	38	53	53	49	54	60	42	49	49	47	48	78
11:38:37	34	20	20	20	11	16	30	17	14	29	6	43	12	33	0	8	5	13	12	15	30	11	7	16	46	43	32	49	59	53	73	48	72	87	65	88	24	26	13	21	7	26	36	23	37	13	15	14	29	0	17	4	11	11	15	11	0	2	19	13	46	64	51	53	35	41	48	52	40	59	50	57
11:48:37	35	22	21	1	10	12	11	11	18	27	24	42	7	1	32	36	15	17	6	22	23	15	21	17	29	67	68	65	47	43	66	74	86	66	67	60	46	19	28	33	3	16	19	36	34	24	29	25	0	1	8	2	0	0	7	0	7	11	12	10	52	32	38	56	73	50	44	30	55	42	36	63
11:58:37	26	32	25	10	14	0	21	37	17	20	13	4	31	0	36	17	19	26	33	19	27	19	19	13	68	40	54	76	55	47	73	73	88	57	87	64	23	29	12	35	10	21	19	35	5	27	33	0	28	3	0	22	0	0	5	0	7	13	1	4	42	65	51	44	62	47	55	38	56	50	49	55
12:08:37	34	24	23	22	30	7	23	36	48	35	1	26	18	11	9	22	17	15	18	31	22	2	2	22	47	66	53	57	58	51	65	92	75	76	75	50	23	29	34	23	29	11	23	18	23	29	18	27	9	10	10	8	0	0	0	28	8	3	25	26	52	39	52	39	48	48	51	58	48	34	44	42
