Time	A1	A2	A3	A4	A5	A6	A7	A8	A9	A10	A11	A12	B1	B2	B3	B4	B5	B6	B7	B8	B9	B10	B11	B12	C1	C2	C3	C4	C5	C6	C7	C8	C9	C10	C11	C12	D1	D2	D3	D4	D5	D6	D7	D8	D9	D10	D11	D12	E1	E2	E3	E4	E5	E6	E7	E8	E9	E10	E11	E12	F1	F2	F3	F4	F5	F6	F7	F8	F9	F10	F11	F12
0:08:05	0.277	0.271	0.268	0.275	0.282	0.288	0.266	0.264	0.275	0.262	0.27	0.274	0.552	0.541	0.542	0.543	0.546	0.533	0.541	0.529	0.537	0.535	0.53	0.546	0.481	0.463	0.458	0.449	0.449	0.442	0.443	0.444	0.445	0.463	0.453	0.475	0.177	0.171	0.178	0.178	0.176	0.181	0.177	0.188	0.179	0.185	0.177	0.184	0.323	0.315	0.329	0.326	0.334	0.318	0.324	0.332	0.329	0.27	0.249	0.327	0.344	0.316	0.341	0.328	0.335	0.345	0.326	0.303	0.314	0.308	0.313	0.351
0:18:05	0.321	0.31	0.31	0.317	0.323	0.332	0.305	0.303	0.315	0.302	0.311	0.316	0.607	0.579	0.579	0.581	0.585	0.571	0.581	0.568	0.579	0.578	0.572	0.589	0.53	0.504	0.499	0.492	0.491	0.486	0.486	0.489	0.491	0.506	0.494	0.517	0.205	0.199	0.208	0.207	0.205	0.211	0.205	0.218	0.21	0.219	0.208	0.218	0.361	0.358	0.373	0.37	0.378	0.362	0.369	0.378	0.373	0.28	0.27	0.374	0.392	0.357	0.379	0.368	0.374	0.385	0.371	0.348	0.366	0.35	0.362	0.394
0:28:05	0.366	0.355	0.356	0.362	0.368	0.382	0.349	0.347	0.361	0.345	0.357	0.362	0.648	0.629	0.629	0.631	0.635	0.623	0.632	0.621	0.635	0.632	0.627	0.641	0.574	0.539	0.534	0.53	0.528	0.524	0.523	0.525	0.529	0.542	0.528	0.558	0.236	0.23	0.239	0.239	0.239	0.243	0.237	0.252	0.243	0.25	0.24	0.253	0.399	0.406	0.425	0.422	0.432	0.414	0.423	0.432	0.426	0.297	0.285	0.424	0.448	0.409	0.433	0.424	0.429	0.439	0.434	0.395	0.411	0.416	0.401	0.445
0:38:05	0.418	0.414	0.405	0.414	0.418	0.442	0.4	0.398	0.415	0.393	0.401	0.415	0.676	0.651	0.65	0.653	0.656	0.652	0.658	0.648	0.662	0.657	0.651	0.662	0.632	0.581	0.573	0.571	0.569	0.561	0.565	0.563	0.568	0.583	0.571	0.615	0.272	0.264	0.275	0.277	0.274	0.282	0.274	0.29	0.28	0.287	0.278	0.288	0.436	0.459	0.474	0.476	0.484	0.477	0.476	0.483	0.481	0.324	0.304	0.469	0.511	0.483	0.504	0.487	0.504	0.508	0.477	0.432	0.451	0.457	0.44	0.509
0:48:05	0.479	0.468	0.465	0.475	0.478	0.501	0.464	0.459	0.478	0.458	0.467	0.481	0.706	0.678	0.678	0.681	0.684	0.679	0.689	0.677	0.694	0.688	0.685	0.693	0.662	0.619	0.613	0.613	0.614	0.611	0.606	0.61	0.617	0.626	0.606	0.64	0.31	0.303	0.315	0.319	0.317	0.323	0.315	0.333	0.324	0.329	0.319	0.33	0.452	0.476	0.501	0.506	0.514	0.509	0.505	0.511	0.513	0.344	0.324	0.49	0.551	0.528	0.55	0.532	0.55	0.552	0.52	0.481	0.506	0.499	0.488	0.549
0:58:05	0.512	0.502	0.497	0.506	0.51	0.534	0.499	0.494	0.513	0.495	0.504	0.516	0.738	0.709	0.709	0.713	0.715	0.711	0.718	0.707	0.723	0.717	0.714	0.721	0.694	0.646	0.637	0.64	0.641	0.634	0.634	0.634	0.64	0.649	0.631	0.673	0.351	0.344	0.357	0.361	0.359	0.366	0.358	0.376	0.367	0.37	0.36	0.371	0.461	0.501	0.523	0.535	0.541	0.538	0.535	0.541	0.541	0.356	0.333	0.506	0.585	0.566	0.59	0.572	0.588	0.591	0.574	0.513	0.538	0.552	0.517	0.582
1:08:05	0.536	0.528	0.522	0.533	0.536	0.562	0.527	0.521	0.539	0.52	0.529	0.544	0.761	0.738	0.737	0.741	0.741	0.74	0.748	0.737	0.751	0.747	0.742	0.747	0.727	0.676	0.67	0.673	0.673	0.668	0.667	0.668	0.674	0.681	0.665	0.705	0.39	0.386	0.399	0.405	0.399	0.409	0.399	0.419	0.412	0.413	0.402	0.412	0.475	0.527	0.556	0.572	0.58	0.576	0.575	0.575	0.583	0.361	0.349	0.532	0.633	0.613	0.641	0.623	0.638	0.64	0.603	0.54	0.566	0.582	0.545	0.628
1:18:05	0.579	0.565	0.559	0.573	0.578	0.607	0.563	0.559	0.57	0.555	0.564	0.586	0.781	0.766	0.761	0.77	0.77	0.77	0.774	0.764	0.777	0.773	0.768	0.775	0.752	0.708	0.703	0.705	0.705	0.702	0.698	0.702	0.707	0.712	0.696	0.735	0.438	0.436	0.451	0.457	0.447	0.46	0.448	0.47	0.464	0.461	0.451	0.461	0.483	0.538	0.57	0.593	0.599	0.597	0.596	0.599	0.606	0.371	0.351	0.537	0.654	0.645	0.668	0.651	0.667	0.666	0.632	0.564	0.59	0.61	0.57	0.655
1:28:05	0.618	0.606	0.598	0.615	0.615	0.645	0.604	0.599	0.605	0.594	0.604	0.624	0.795	0.788	0.788	0.793	0.792	0.793	0.8	0.789	0.803	0.797	0.793	0.798	0.778	0.736	0.729	0.734	0.733	0.733	0.725	0.731	0.735	0.739	0.724	0.757	0.471	0.473	0.49	0.496	0.487	0.497	0.485	0.508	0.505	0.501	0.492	0.491	0.476	0.54	0.573	0.597	0.607	0.612	0.604	0.602	0.621	0.379	0.368	0.538	0.682	0.68	0.707	0.684	0.703	0.702	0.658	0.587	0.611	0.634	0.59	0.693
1:38:05	0.64	0.632	0.622	0.64	0.638	0.67	0.627	0.622	0.625	0.614	0.626	0.645	0.812	0.806	0.805	0.812	0.81	0.812	0.822	0.814	0.824	0.82	0.821	0.817	0.798	0.759	0.755	0.759	0.759	0.756	0.75	0.756	0.758	0.763	0.748	0.777	0.494	0.499	0.514	0.521	0.513	0.523	0.509	0.531	0.529	0.524	0.515	0.514	0.47	0.541	0.579	0.607	0.62	0.618	0.614	0.616	0.637	0.392	0.369	0.537	0.714	0.713	0.737	0.715	0.733	0.73	0.681	0.605	0.63	0.657	0.606	0.724
1:48:05	0.667	0.658	0.648	0.667	0.666	0.694	0.654	0.647	0.644	0.636	0.651	0.669	0.829	0.825	0.824	0.83	0.828	0.832	0.842	0.83	0.845	0.841	0.834	0.833	0.814	0.778	0.775	0.778	0.779	0.775	0.77	0.775	0.781	0.783	0.769	0.796	0.515	0.52	0.537	0.544	0.534	0.544	0.528	0.552	0.546	0.543	0.537	0.534	0.465	0.545	0.586	0.616	0.629	0.63	0.624	0.625	0.65	0.403	0.384	0.541	0.741	0.744	0.766	0.741	0.763	0.756	0.701	0.622	0.645	0.676	0.623	0.754
1:58:05	0.696	0.687	0.676	0.698	0.693	0.721	0.682	0.675	0.663	0.661	0.674	0.695	0.85	0.842	0.841	0.849	0.848	0.851	0.854	0.842	0.859	0.852	0.848	0.849	0.829	0.796	0.791	0.795	0.795	0.793	0.787	0.793	0.798	0.799	0.786	0.81	0.538	0.541	0.56	0.564	0.554	0.563	0.548	0.569	0.559	0.559	0.553	0.55	0.465	0.549	0.588	0.621	0.635	0.638	0.631	0.631	0.658	0.419	0.413	0.543	0.766	0.77	0.792	0.765	0.789	0.782	0.717	0.632	0.661	0.691	0.636	0.781
2:08:05	0.72	0.713	0.702	0.726	0.721	0.745	0.707	0.7	0.681	0.683	0.704	0.718	0.863	0.861	0.858	0.866	0.862	0.865	0.869	0.858	0.872	0.866	0.862	0.865	0.843	0.813	0.806	0.811	0.812	0.808	0.803	0.809	0.814	0.814	0.801	0.826	0.571	0.576	0.594	0.598	0.592	0.6	0.578	0.602	0.588	0.589	0.587	0.573	0.462	0.55	0.591	0.627	0.638	0.644	0.634	0.632	0.665	0.429	0.4	0.542	0.787	0.792	0.816	0.784	0.813	0.803	0.733	0.646	0.677	0.705	0.65	0.805
2:18:05	0.741	0.735	0.723	0.747	0.741	0.763	0.725	0.717	0.691	0.699	0.714	0.734	0.874	0.878	0.874	0.881	0.876	0.881	0.884	0.873	0.887	0.881	0.878	0.881	0.854	0.827	0.821	0.827	0.827	0.825	0.819	0.825	0.831	0.829	0.816	0.842	0.588	0.593	0.611	0.614	0.606	0.616	0.589	0.615	0.601	0.599	0.595	0.584	0.463	0.55	0.591	0.628	0.638	0.646	0.635	0.632	0.668	0.444	0.419	0.543	0.805	0.81	0.834	0.801	0.831	0.818	0.747	0.659	0.692	0.717	0.664	0.823
2:28:05	0.763	0.757	0.746	0.769	0.761	0.782	0.743	0.736	0.699	0.71	0.728	0.745	0.883	0.889	0.888	0.897	0.891	0.897	0.902	0.89	0.905	0.898	0.894	0.893	0.868	0.841	0.836	0.843	0.842	0.84	0.834	0.84	0.846	0.844	0.829	0.858	0.611	0.618	0.636	0.637	0.63	0.639	0.611	0.634	0.611	0.616	0.615	0.599	0.459	0.551	0.589	0.628	0.636	0.645	0.635	0.63	0.666	0.482	0.417	0.542	0.822	0.826	0.838	0.815	0.846	0.833	0.761	0.671	0.704	0.73	0.674	0.841
2:38:05	0.782	0.776	0.764	0.786	0.779	0.798	0.76	0.752	0.706	0.724	0.738	0.754	0.892	0.901	0.901	0.91	0.903	0.911	0.917	0.905	0.918	0.912	0.908	0.904	0.879	0.858	0.85	0.859	0.86	0.856	0.85	0.856	0.861	0.861	0.844	0.872	0.63	0.64	0.655	0.655	0.649	0.659	0.626	0.65	0.619	0.626	0.626	0.61	0.457	0.549	0.586	0.626	0.635	0.643	0.634	0.628	0.665	0.487	0.426	0.539	0.84	0.84	0.853	0.828	0.86	0.846	0.775	0.68	0.714	0.743	0.683	0.855
2:48:05	0.796	0.794	0.78	0.803	0.795	0.811	0.773	0.766	0.714	0.73	0.748	0.762	0.899	0.908	0.909	0.919	0.911	0.92	0.926	0.916	0.929	0.921	0.918	0.913	0.886	0.87	0.866	0.872	0.871	0.87	0.862	0.869	0.874	0.873	0.86	0.88	0.649	0.658	0.674	0.673	0.665	0.676	0.638	0.663	0.63	0.635	0.635	0.619	0.455	0.546	0.581	0.624	0.632	0.64	0.631	0.623	0.66	0.493	0.444	0.536	0.855	0.853	0.866	0.843	0.875	0.858	0.785	0.688	0.721	0.752	0.69	0.87
2:58:05	0.812	0.806	0.795	0.817	0.809	0.83	0.784	0.777	0.717	0.738	0.757	0.769	0.907	0.917	0.916	0.925	0.919	0.928	0.933	0.923	0.936	0.928	0.925	0.92	0.891	0.88	0.877	0.881	0.88	0.879	0.871	0.879	0.884	0.88	0.87	0.887	0.666	0.677	0.694	0.689	0.682	0.692	0.652	0.676	0.641	0.645	0.645	0.63	0.449	0.542	0.575	0.62	0.628	0.635	0.629	0.619	0.657	0.499	0.454	0.531	0.87	0.865	0.878	0.856	0.887	0.87	0.793	0.695	0.73	0.76	0.698	0.883
3:08:05	0.827	0.821	0.808	0.831	0.821	0.847	0.795	0.789	0.72	0.744	0.76	0.777	0.914	0.923	0.922	0.932	0.927	0.935	0.94	0.931	0.941	0.934	0.932	0.928	0.899	0.885	0.885	0.888	0.888	0.886	0.878	0.887	0.89	0.889	0.879	0.894	0.684	0.694	0.707	0.705	0.698	0.708	0.662	0.689	0.654	0.655	0.656	0.637	0.439	0.537	0.571	0.615	0.624	0.632	0.624	0.616	0.651	0.502	0.465	0.526	0.881	0.878	0.893	0.868	0.902	0.882	0.8	0.705	0.736	0.767	0.706	0.896
3:18:05	0.844	0.836	0.824	0.848	0.837	0.86	0.807	0.799	0.727	0.751	0.771	0.785	0.919	0.93	0.928	0.938	0.935	0.942	0.946	0.938	0.949	0.942	0.938	0.934	0.909	0.892	0.891	0.895	0.894	0.892	0.884	0.893	0.897	0.897	0.886	0.902	0.7	0.71	0.725	0.723	0.72	0.725	0.674	0.706	0.664	0.668	0.668	0.647	0.433	0.535	0.567	0.609	0.617	0.625	0.619	0.612	0.646	0.5	0.463	0.52	0.892	0.891	0.905	0.878	0.914	0.895	0.809	0.713	0.74	0.776	0.715	0.909
3:28:05	0.859	0.85	0.838	0.86	0.85	0.871	0.818	0.811	0.728	0.759	0.777	0.795	0.923	0.936	0.934	0.945	0.94	0.949	0.954	0.94	0.956	0.948	0.942	0.94	0.915	0.899	0.896	0.902	0.902	0.9	0.891	0.899	0.904	0.902	0.892	0.91	0.715	0.728	0.746	0.746	0.743	0.746	0.688	0.721	0.669	0.679	0.682	0.651	0.428	0.531	0.563	0.601	0.612	0.62	0.611	0.605	0.639	0.498	0.462	0.515	0.898	0.901	0.915	0.886	0.924	0.904	0.817	0.719	0.748	0.784	0.72	0.918
3:38:05	0.87	0.864	0.85	0.872	0.861	0.88	0.831	0.825	0.731	0.773	0.787	0.809	0.929	0.94	0.939	0.949	0.945	0.953	0.959	0.946	0.961	0.953	0.947	0.944	0.918	0.906	0.903	0.91	0.909	0.908	0.9	0.906	0.91	0.91	0.898	0.917	0.73	0.749	0.769	0.764	0.767	0.767	0.706	0.74	0.675	0.69	0.689	0.655	0.417	0.527	0.561	0.594	0.606	0.613	0.604	0.599	0.632	0.495	0.459	0.505	0.906	0.907	0.922	0.891	0.932	0.91	0.823	0.725	0.752	0.79	0.726	0.924
3:48:05	0.88	0.873	0.86	0.879	0.87	0.887	0.84	0.834	0.737	0.784	0.799	0.816	0.934	0.944	0.943	0.954	0.949	0.957	0.963	0.95	0.965	0.957	0.95	0.949	0.924	0.912	0.91	0.916	0.915	0.915	0.906	0.918	0.918	0.917	0.907	0.922	0.746	0.771	0.792	0.778	0.782	0.783	0.72	0.754	0.677	0.699	0.695	0.661	0.408	0.518	0.553	0.585	0.6	0.606	0.596	0.592	0.622	0.493	0.461	0.494	0.913	0.913	0.928	0.899	0.939	0.916	0.829	0.736	0.767	0.796	0.74	0.93
3:58:05	0.887	0.88	0.867	0.884	0.874	0.891	0.844	0.839	0.754	0.792	0.806	0.819	0.947	0.949	0.947	0.958	0.953	0.961	0.967	0.955	0.97	0.961	0.955	0.953	0.929	0.917	0.916	0.921	0.921	0.92	0.911	0.92	0.924	0.921	0.912	0.927	0.762	0.795	0.811	0.794	0.799	0.799	0.733	0.765	0.678	0.706	0.698	0.669	0.395	0.508	0.545	0.576	0.591	0.6	0.586	0.582	0.613	0.491	0.461	0.483	0.921	0.921	0.935	0.906	0.945	0.922	0.835	0.747	0.776	0.802	0.748	0.936
4:08:05	0.894	0.887	0.873	0.888	0.878	0.896	0.846	0.84	0.751	0.793	0.808	0.82	0.954	0.952	0.951	0.963	0.957	0.966	0.971	0.958	0.973	0.965	0.959	0.957	0.938	0.922	0.92	0.926	0.925	0.925	0.916	0.924	0.929	0.926	0.917	0.931	0.779	0.815	0.828	0.806	0.808	0.815	0.74	0.771	0.68	0.707	0.701	0.674	0.384	0.497	0.536	0.567	0.584	0.591	0.574	0.573	0.603	0.487	0.465	0.47	0.926	0.927	0.941	0.912	0.95	0.928	0.844	0.751	0.779	0.817	0.751	0.943
4:18:05	0.901	0.892	0.877	0.891	0.882	0.902	0.846	0.841	0.754	0.793	0.808	0.817	0.956	0.956	0.954	0.967	0.961	0.97	0.974	0.962	0.977	0.969	0.963	0.96	0.948	0.926	0.925	0.931	0.93	0.929	0.92	0.929	0.933	0.93	0.92	0.936	0.803	0.832	0.847	0.821	0.824	0.827	0.75	0.778	0.685	0.713	0.708	0.68	0.374	0.488	0.527	0.557	0.576	0.582	0.563	0.565	0.594	0.481	0.473	0.456	0.932	0.933	0.948	0.918	0.956	0.934	0.857	0.753	0.781	0.825	0.752	0.95
4:28:05	0.905	0.898	0.883	0.894	0.884	0.906	0.844	0.838	0.755	0.79	0.805	0.812	0.956	0.965	0.959	0.97	0.968	0.974	0.979	0.967	0.981	0.973	0.966	0.964	0.954	0.931	0.929	0.936	0.934	0.934	0.924	0.934	0.938	0.935	0.926	0.948	0.822	0.847	0.861	0.831	0.839	0.84	0.758	0.783	0.688	0.717	0.714	0.688	0.358	0.478	0.516	0.548	0.567	0.573	0.553	0.555	0.585	0.475	0.476	0.443	0.938	0.94	0.955	0.924	0.962	0.939	0.863	0.752	0.78	0.829	0.751	0.955
4:38:05	0.911	0.903	0.887	0.897	0.887	0.91	0.84	0.835	0.751	0.783	0.798	0.803	0.955	0.975	0.972	0.983	0.979	0.986	0.983	0.971	0.992	0.977	0.972	0.976	0.955	0.936	0.933	0.946	0.947	0.944	0.937	0.939	0.943	0.941	0.929	0.959	0.842	0.862	0.874	0.843	0.849	0.85	0.767	0.794	0.694	0.723	0.72	0.693	0.334	0.465	0.505	0.538	0.556	0.563	0.541	0.543	0.574	0.467	0.474	0.429	0.944	0.945	0.96	0.929	0.968	0.944	0.865	0.75	0.778	0.83	0.749	0.96
4:48:05	0.913	0.906	0.891	0.898	0.89	0.913	0.835	0.829	0.746	0.773	0.786	0.789	0.953	0.98	0.978	0.991	0.985	0.994	0.995	0.983	1.003	0.99	0.985	0.985	0.955	0.949	0.944	0.957	0.956	0.955	0.945	0.951	0.958	0.954	0.933	0.965	0.865	0.877	0.886	0.855	0.865	0.865	0.777	0.798	0.692	0.726	0.727	0.702	0.319	0.452	0.493	0.526	0.547	0.552	0.53	0.531	0.564	0.457	0.473	0.415	0.949	0.951	0.965	0.943	0.973	0.949	0.864	0.749	0.776	0.829	0.747	0.964
4:58:05	0.916	0.909	0.894	0.9	0.891	0.915	0.829	0.821	0.736	0.759	0.772	0.771	0.951	0.981	0.98	0.995	0.987	0.998	1.004	0.992	1.009	0.999	0.993	0.989	0.954	0.956	0.954	0.962	0.96	0.959	0.951	0.96	0.966	0.962	0.947	0.968	0.88	0.889	0.898	0.874	0.879	0.88	0.789	0.812	0.701	0.734	0.735	0.707	0.3	0.437	0.481	0.517	0.535	0.541	0.52	0.519	0.552	0.45	0.475	0.418	0.964	0.957	0.976	0.952	0.979	0.958	0.863	0.747	0.774	0.828	0.746	0.975
5:08:05	0.921	0.913	0.898	0.902	0.894	0.924	0.822	0.814	0.725	0.739	0.751	0.746	0.95	0.981	0.98	0.997	0.988	0.998	1.008	0.997	1.011	1.001	0.996	0.991	0.952	0.959	0.957	0.964	0.961	0.961	0.953	0.964	0.97	0.966	0.955	0.968	0.886	0.893	0.902	0.884	0.893	0.89	0.803	0.824	0.702	0.746	0.747	0.721	0.286	0.422	0.469	0.504	0.525	0.53	0.51	0.507	0.54	0.444	0.477	0.377	0.971	0.971	0.987	0.957	0.992	0.97	0.861	0.745	0.772	0.826	0.743	0.987
5:18:05	0.924	0.916	0.9	0.902	0.894	0.924	0.814	0.803	0.707	0.713	0.726	0.715	0.949	0.98	0.98	0.996	0.988	0.998	1.009	0.998	1.011	1.003	0.997	0.992	0.951	0.96	0.959	0.964	0.961	0.961	0.953	0.967	0.972	0.968	0.96	0.968	0.89	0.895	0.905	0.883	0.892	0.892	0.811	0.836	0.713	0.754	0.757	0.732	0.273	0.404	0.457	0.492	0.517	0.52	0.498	0.496	0.528	0.437	0.477	0.358	0.974	0.98	0.994	0.958	1.001	0.975	0.86	0.744	0.77	0.823	0.742	0.994
5:28:05	0.927	0.919	0.903	0.903	0.896	0.918	0.804	0.794	0.683	0.683	0.696	0.681	0.947	0.979	0.979	0.994	0.986	0.996	1.009	0.998	1.011	1.003	0.997	0.99	0.95	0.959	0.959	0.961	0.959	0.96	0.952	0.964	0.972	0.969	0.96	0.966	0.888	0.896	0.91	0.885	0.893	0.894	0.81	0.838	0.724	0.761	0.763	0.739	0.234	0.384	0.44	0.478	0.503	0.51	0.486	0.486	0.515	0.43	0.476	0.331	0.974	0.982	0.996	0.958	1.004	0.977	0.859	0.742	0.768	0.822	0.74	0.997
5:38:05	0.93	0.922	0.907	0.907	0.898	0.915	0.795	0.784	0.654	0.65	0.661	0.646	0.946	0.977	0.977	0.993	0.984	0.995	1.008	0.998	1.01	1.002	0.996	0.989	0.947	0.958	0.957	0.96	0.958	0.959	0.951	0.965	0.971	0.966	0.961	0.965	0.89	0.897	0.911	0.884	0.891	0.895	0.806	0.834	0.728	0.765	0.768	0.742	0.213	0.366	0.424	0.466	0.489	0.498	0.477	0.473	0.505	0.423	0.469	0.324	0.972	0.983	0.996	0.957	1.005	0.976	0.856	0.74	0.767	0.82	0.739	0.998
5:48:05	0.941	0.931	0.913	0.908	0.903	0.91	0.784	0.771	0.621	0.615	0.623	0.61	0.944	0.975	0.975	0.992	0.982	0.993	1.008	0.997	1.009	1.001	0.995	0.987	0.946	0.957	0.956	0.958	0.958	0.958	0.949	0.965	0.97	0.966	0.961	0.964	0.89	0.898	0.914	0.885	0.891	0.894	0.803	0.833	0.732	0.766	0.764	0.74	0.215	0.367	0.409	0.457	0.479	0.483	0.469	0.467	0.497	0.413	0.466	0.279	0.971	0.982	0.994	0.955	1.004	0.975	0.854	0.739	0.765	0.819	0.737	0.997
5:58:05	0.941	0.933	0.92	0.902	0.902	0.904	0.774	0.76	0.583	0.584	0.592	0.578	0.942	0.974	0.974	0.99	0.981	0.992	1.007	0.995	1.007	1	0.994	0.987	0.945	0.956	0.955	0.956	0.956	0.956	0.948	0.96	0.967	0.963	0.959	0.961	0.888	0.899	0.915	0.884	0.889	0.894	0.799	0.829	0.729	0.76	0.757	0.737	0.169	0.334	0.393	0.443	0.469	0.479	0.46	0.456	0.488	0.401	0.455	0.26	0.969	0.98	0.993	0.953	1.004	0.973	0.853	0.738	0.763	0.816	0.736	0.996
6:08:05	0.94	0.934	0.92	0.897	0.899	0.898	0.769	0.752	0.542	0.555	0.562	0.55	0.941	0.973	0.973	0.989	0.98	0.99	1.005	0.995	1.006	0.998	0.993	0.985	0.944	0.954	0.953	0.954	0.955	0.954	0.946	0.958	0.966	0.962	0.958	0.961	0.89	0.901	0.917	0.884	0.889	0.894	0.79	0.827	0.725	0.759	0.753	0.736	0.144	0.303	0.381	0.431	0.461	0.467	0.446	0.446	0.477	0.396	0.451	0.282	0.968	0.979	0.991	0.952	1.001	0.972	0.852	0.735	0.762	0.815	0.734	0.995
6:18:05	0.935	0.929	0.918	0.889	0.893	0.895	0.758	0.743	0.503	0.534	0.543	0.532	0.939	0.971	0.971	0.989	0.979	0.989	1.004	0.994	1.004	0.997	0.991	0.983	0.944	0.953	0.952	0.953	0.953	0.954	0.944	0.957	0.963	0.961	0.956	0.959	0.89	0.902	0.918	0.881	0.887	0.892	0.786	0.823	0.725	0.758	0.751	0.734	0.121	0.293	0.369	0.412	0.449	0.454	0.429	0.428	0.464	0.379	0.444	0.206	0.966	0.977	0.99	0.95	1	0.971	0.85	0.734	0.76	0.813	0.733	0.993
6:28:05	0.933	0.927	0.915	0.882	0.888	0.889	0.745	0.731	0.465	0.519	0.523	0.513	0.937	0.97	0.97	0.987	0.977	0.988	1.002	0.992	1.003	0.996	0.99	0.983	0.942	0.952	0.951	0.952	0.952	0.952	0.943	0.955	0.962	0.959	0.955	0.958	0.891	0.902	0.919	0.877	0.883	0.889	0.779	0.818	0.726	0.754	0.747	0.734	0.102	0.268	0.354	0.392	0.434	0.44	0.412	0.413	0.446	0.366	0.432	0.174	0.964	0.975	0.989	0.949	0.999	0.969	0.848	0.732	0.759	0.811	0.731	0.992
6:38:05	0.929	0.923	0.912	0.875	0.881	0.885	0.735	0.721	0.431	0.506	0.508	0.503	0.935	0.969	0.969	0.986	0.976	0.986	1.001	0.991	1.002	0.995	0.989	0.982	0.94	0.951	0.95	0.951	0.95	0.951	0.941	0.954	0.961	0.958	0.954	0.957	0.891	0.904	0.921	0.874	0.879	0.883	0.772	0.809	0.725	0.75	0.742	0.725	0.083	0.238	0.326	0.37	0.423	0.417	0.39	0.392	0.427	0.353	0.418	0.153	0.964	0.973	0.987	0.947	0.997	0.968	0.847	0.731	0.757	0.81	0.73	0.99
6:48:05	0.925	0.918	0.909	0.869	0.877	0.88	0.728	0.715	0.401	0.498	0.496	0.495	0.933	0.968	0.968	0.984	0.975	0.985	1	0.99	1.001	0.994	0.988	0.981	0.939	0.95	0.949	0.95	0.95	0.949	0.94	0.955	0.96	0.956	0.954	0.954	0.893	0.905	0.918	0.87	0.872	0.878	0.76	0.796	0.721	0.743	0.736	0.719	0.066	0.214	0.316	0.364	0.399	0.409	0.37	0.37	0.417	0.342	0.408	0.131	0.962	0.973	0.986	0.947	0.996	0.966	0.845	0.73	0.756	0.808	0.728	0.988
6:58:05	0.922	0.914	0.904	0.865	0.872	0.873	0.725	0.71	0.384	0.492	0.489	0.49	0.93	0.965	0.966	0.983	0.974	0.984	0.999	0.989	1	0.993	0.987	0.979	0.939	0.949	0.948	0.948	0.948	0.948	0.939	0.951	0.959	0.956	0.952	0.955	0.892	0.906	0.919	0.866	0.87	0.873	0.746	0.784	0.714	0.733	0.725	0.707	0.054	0.184	0.287	0.334	0.38	0.396	0.349	0.357	0.39	0.319	0.396	0.104	0.961	0.972	0.984	0.945	0.994	0.965	0.845	0.729	0.754	0.807	0.727	0.987
7:08:05	0.918	0.908	0.899	0.86	0.866	0.866	0.721	0.709	0.355	0.489	0.485	0.487	0.928	0.963	0.964	0.982	0.972	0.983	0.998	0.988	0.999	0.991	0.986	0.978	0.937	0.948	0.947	0.947	0.946	0.945	0.936	0.95	0.957	0.954	0.949	0.953	0.892	0.906	0.917	0.86	0.864	0.873	0.729	0.769	0.707	0.719	0.709	0.693	0.048	0.159	0.271	0.3	0.365	0.369	0.324	0.34	0.366	0.306	0.38	0.078	0.96	0.97	0.983	0.945	0.993	0.963	0.842	0.727	0.752	0.805	0.726	0.985
7:18:05	0.911	0.903	0.894	0.853	0.862	0.86	0.718	0.706	0.339	0.484	0.481	0.48	0.927	0.962	0.964	0.98	0.972	0.981	0.997	0.987	0.999	0.99	0.986	0.978	0.936	0.947	0.946	0.946	0.945	0.945	0.936	0.948	0.956	0.953	0.949	0.951	0.899	0.914	0.916	0.854	0.86	0.869	0.709	0.75	0.696	0.704	0.694	0.676	0.048	0.144	0.231	0.3	0.337	0.342	0.298	0.309	0.342	0.291	0.37	0.062	0.959	0.969	0.982	0.942	0.992	0.962	0.841	0.725	0.749	0.804	0.723	0.984
7:28:05	0.906	0.897	0.888	0.847	0.857	0.852	0.715	0.7	0.327	0.478	0.477	0.479	0.924	0.96	0.962	0.98	0.97	0.98	0.996	0.986	0.997	0.99	0.984	0.976	0.934	0.945	0.945	0.945	0.944	0.945	0.935	0.947	0.955	0.952	0.948	0.95	0.898	0.915	0.923	0.849	0.857	0.865	0.688	0.729	0.685	0.686	0.673	0.656	0.046	0.115	0.21	0.256	0.307	0.31	0.276	0.279	0.316	0.269	0.358	0.059	0.957	0.968	0.981	0.942	0.991	0.961	0.839	0.722	0.747	0.802	0.721	0.983
7:38:05	0.899	0.89	0.883	0.84	0.851	0.847	0.711	0.698	0.322	0.477	0.475	0.476	0.922	0.958	0.959	0.978	0.968	0.978	0.995	0.984	0.996	0.988	0.982	0.975	0.932	0.946	0.944	0.944	0.943	0.942	0.933	0.951	0.953	0.95	0.947	0.949	0.893	0.911	0.924	0.848	0.856	0.865	0.668	0.706	0.67	0.663	0.651	0.633	0.046	0.095	0.175	0.219	0.285	0.285	0.249	0.259	0.291	0.249	0.345	0.053	0.956	0.966	0.98	0.94	0.99	0.959	0.838	0.72	0.746	0.8	0.719	0.982
7:48:05	0.893	0.883	0.876	0.834	0.845	0.842	0.709	0.695	0.316	0.473	0.476	0.477	0.92	0.956	0.957	0.975	0.966	0.976	0.994	0.984	0.995	0.988	0.982	0.974	0.93	0.943	0.943	0.942	0.942	0.941	0.932	0.945	0.952	0.951	0.945	0.948	0.888	0.907	0.922	0.844	0.849	0.861	0.651	0.686	0.656	0.638	0.625	0.609	0.046	0.064	0.153	0.194	0.263	0.253	0.227	0.217	0.263	0.227	0.33	0.05	0.955	0.965	0.978	0.94	0.988	0.958	0.834	0.719	0.743	0.799	0.717	0.981
7:58:05	0.887	0.877	0.869	0.826	0.84	0.836	0.707	0.692	0.315	0.473	0.474	0.476	0.916	0.953	0.955	0.973	0.965	0.973	0.992	0.982	0.993	0.986	0.98	0.971	0.927	0.942	0.94	0.941	0.939	0.939	0.929	0.944	0.951	0.947	0.944	0.947	0.883	0.9	0.921	0.837	0.84	0.853	0.635	0.668	0.64	0.613	0.6	0.586	0.045	0.054	0.122	0.169	0.232	0.229	0.192	0.189	0.233	0.205	0.316	0.049	0.954	0.963	0.977	0.936	0.986	0.956	0.832	0.716	0.742	0.796	0.715	0.978
8:08:05	0.882	0.872	0.864	0.82	0.833	0.833	0.703	0.689	0.311	0.472	0.472	0.474	0.914	0.951	0.952	0.971	0.962	0.971	0.991	0.98	0.992	0.985	0.978	0.969	0.926	0.938	0.937	0.939	0.938	0.938	0.928	0.942	0.95	0.946	0.942	0.945	0.878	0.896	0.915	0.831	0.835	0.845	0.623	0.652	0.622	0.589	0.576	0.56	0.046	0.054	0.096	0.139	0.211	0.2	0.17	0.166	0.203	0.182	0.3	0.048	0.952	0.96	0.974	0.934	0.985	0.953	0.83	0.715	0.741	0.794	0.714	0.977
8:18:05	0.876	0.867	0.857	0.814	0.826	0.829	0.699	0.685	0.311	0.47	0.472	0.471	0.913	0.949	0.951	0.969	0.959	0.969	0.989	0.98	0.992	0.984	0.979	0.969	0.924	0.937	0.936	0.936	0.936	0.937	0.928	0.941	0.949	0.944	0.943	0.945	0.871	0.89	0.91	0.824	0.831	0.84	0.615	0.64	0.612	0.566	0.554	0.535	0.042	0.048	0.071	0.117	0.172	0.173	0.139	0.139	0.177	0.158	0.279	0.051	0.949	0.958	0.971	0.931	0.981	0.951	0.829	0.713	0.74	0.793	0.713	0.977
8:28:05	0.873	0.863	0.855	0.809	0.821	0.828	0.695	0.679	0.312	0.467	0.469	0.468	0.91	0.946	0.948	0.966	0.957	0.965	0.987	0.977	0.99	0.982	0.976	0.966	0.922	0.936	0.935	0.935	0.932	0.934	0.925	0.939	0.947	0.944	0.94	0.942	0.865	0.884	0.905	0.82	0.826	0.835	0.606	0.631	0.584	0.545	0.531	0.512	0.049	0.049	0.057	0.089	0.145	0.146	0.114	0.112	0.15	0.134	0.26	0.052	0.947	0.956	0.969	0.93	0.98	0.949	0.827	0.711	0.738	0.79	0.71	0.975
8:38:05	0.869	0.859	0.85	0.804	0.816	0.822	0.69	0.676	0.314	0.465	0.464	0.466	0.908	0.944	0.946	0.963	0.954	0.963	0.985	0.976	0.989	0.98	0.974	0.962	0.92	0.934	0.934	0.933	0.931	0.932	0.924	0.937	0.946	0.942	0.939	0.941	0.86	0.879	0.9	0.817	0.824	0.832	0.599	0.623	0.564	0.523	0.509	0.489	0.063	0.047	0.052	0.068	0.118	0.133	0.087	0.085	0.127	0.112	0.239	0.048	0.945	0.955	0.968	0.928	0.977	0.948	0.825	0.708	0.736	0.788	0.709	0.973
8:48:05	0.867	0.855	0.845	0.798	0.812	0.82	0.686	0.671	0.314	0.463	0.464	0.463	0.905	0.941	0.942	0.961	0.951	0.96	0.982	0.973	0.986	0.978	0.971	0.959	0.919	0.933	0.932	0.932	0.93	0.93	0.922	0.936	0.945	0.94	0.938	0.939	0.854	0.874	0.896	0.815	0.82	0.826	0.592	0.615	0.544	0.501	0.487	0.467	0.074	0.047	0.052	0.058	0.092	0.094	0.064	0.065	0.1	0.088	0.218	0.079	0.943	0.953	0.966	0.926	0.976	0.946	0.824	0.708	0.735	0.787	0.707	0.972
8:58:05	0.863	0.852	0.843	0.795	0.808	0.819	0.681	0.667	0.315	0.461	0.462	0.463	0.903	0.939	0.94	0.958	0.948	0.956	0.979	0.97	0.984	0.975	0.969	0.957	0.917	0.931	0.93	0.93	0.928	0.928	0.921	0.935	0.943	0.94	0.938	0.938	0.847	0.867	0.891	0.81	0.818	0.825	0.587	0.608	0.533	0.481	0.467	0.446	0.078	0.048	0.05	0.051	0.07	0.07	0.055	0.061	0.076	0.067	0.19	0.097	0.942	0.951	0.964	0.925	0.974	0.945	0.821	0.706	0.734	0.784	0.704	0.969
9:08:05	0.862	0.848	0.84	0.79	0.805	0.817	0.677	0.662	0.316	0.462	0.461	0.462	0.901	0.936	0.937	0.955	0.945	0.953	0.975	0.967	0.981	0.972	0.965	0.952	0.915	0.929	0.928	0.928	0.926	0.926	0.918	0.932	0.941	0.938	0.936	0.936	0.841	0.86	0.886	0.809	0.816	0.823	0.583	0.604	0.496	0.461	0.449	0.426	0.075	0.047	0.05	0.052	0.055	0.055	0.049	0.05	0.06	0.056	0.164	0.102	0.94	0.95	0.964	0.923	0.973	0.942	0.82	0.703	0.731	0.782	0.702	0.967
9:18:05	0.86	0.846	0.837	0.787	0.799	0.813	0.675	0.658	0.315	0.465	0.462	0.463	0.898	0.933	0.935	0.951	0.942	0.95	0.972	0.963	0.978	0.968	0.962	0.948	0.914	0.928	0.928	0.927	0.925	0.924	0.916	0.935	0.94	0.936	0.934	0.934	0.833	0.853	0.881	0.806	0.813	0.82	0.58	0.598	0.47	0.442	0.431	0.408	0.072	0.051	0.049	0.049	0.05	0.058	0.048	0.047	0.053	0.05	0.134	0.1	0.938	0.949	0.961	0.923	0.971	0.941	0.817	0.702	0.73	0.78	0.7	0.965
9:28:05	0.857	0.844	0.833	0.784	0.797	0.812	0.671	0.657	0.318	0.463	0.462	0.462	0.896	0.93	0.932	0.948	0.939	0.948	0.968	0.959	0.975	0.964	0.957	0.944	0.912	0.926	0.925	0.925	0.923	0.922	0.914	0.928	0.937	0.933	0.932	0.932	0.826	0.847	0.875	0.802	0.81	0.817	0.576	0.594	0.442	0.425	0.416	0.391	0.069	0.112	0.049	0.048	0.048	0.049	0.048	0.05	0.05	0.047	0.101	0.096	0.937	0.947	0.96	0.919	0.97	0.939	0.815	0.7	0.728	0.777	0.697	0.964
9:38:05	0.855	0.842	0.831	0.78	0.795	0.807	0.668	0.654	0.32	0.463	0.463	0.463	0.894	0.928	0.929	0.946	0.936	0.947	0.965	0.956	0.972	0.96	0.955	0.942	0.909	0.924	0.923	0.923	0.922	0.921	0.912	0.926	0.936	0.931	0.931	0.928	0.819	0.839	0.868	0.802	0.807	0.815	0.572	0.591	0.414	0.41	0.401	0.378	0.066	0.135	0.052	0.049	0.048	0.047	0.047	0.046	0.051	0.045	0.075	0.091	0.935	0.945	0.958	0.918	0.969	0.938	0.813	0.698	0.725	0.775	0.695	0.962
9:48:05	0.852	0.84	0.828	0.777	0.791	0.805	0.666	0.653	0.325	0.464	0.463	0.467	0.891	0.925	0.927	0.943	0.933	0.943	0.961	0.953	0.968	0.956	0.951	0.938	0.908	0.922	0.921	0.92	0.919	0.918	0.909	0.924	0.933	0.928	0.928	0.926	0.811	0.833	0.863	0.799	0.805	0.813	0.569	0.585	0.386	0.398	0.391	0.365	0.062	0.139	0.048	0.05	0.054	0.051	0.048	0.048	0.051	0.047	0.066	0.085	0.933	0.943	0.957	0.916	0.967	0.936	0.811	0.696	0.724	0.772	0.693	0.96
9:58:05	0.851	0.838	0.826	0.773	0.789	0.804	0.665	0.651	0.324	0.466	0.465	0.464	0.889	0.924	0.924	0.939	0.93	0.941	0.958	0.949	0.964	0.953	0.947	0.936	0.906	0.919	0.919	0.919	0.916	0.916	0.907	0.92	0.931	0.926	0.926	0.923	0.805	0.827	0.857	0.798	0.801	0.811	0.567	0.583	0.361	0.387	0.382	0.357	0.058	0.133	0.064	0.055	0.049	0.05	0.051	0.05	0.05	0.047	0.061	0.079	0.931	0.942	0.954	0.913	0.965	0.935	0.808	0.693	0.721	0.771	0.691	0.959
10:08:05	0.849	0.835	0.823	0.77	0.785	0.802	0.661	0.648	0.325	0.466	0.465	0.466	0.886	0.921	0.922	0.937	0.928	0.937	0.956	0.946	0.961	0.95	0.944	0.932	0.903	0.917	0.917	0.916	0.914	0.914	0.904	0.918	0.928	0.922	0.923	0.92	0.799	0.822	0.852	0.794	0.799	0.809	0.563	0.58	0.339	0.379	0.378	0.351	0.054	0.126	0.096	0.049	0.049	0.049	0.051	0.049	0.052	0.05	0.057	0.073	0.93	0.94	0.953	0.912	0.964	0.932	0.806	0.692	0.72	0.768	0.689	0.957
10:18:05	0.847	0.832	0.821	0.766	0.782	0.797	0.661	0.647	0.329	0.468	0.467	0.467	0.884	0.919	0.921	0.934	0.926	0.935	0.953	0.944	0.957	0.947	0.941	0.93	0.9	0.914	0.914	0.914	0.911	0.911	0.902	0.915	0.927	0.92	0.92	0.916	0.794	0.817	0.846	0.792	0.794	0.805	0.562	0.577	0.319	0.374	0.375	0.346	0.05	0.118	0.135	0.102	0.058	0.052	0.047	0.048	0.054	0.054	0.052	0.066	0.927	0.938	0.951	0.909	0.961	0.931	0.804	0.69	0.718	0.765	0.687	0.954
10:28:05	0.844	0.829	0.818	0.764	0.778	0.796	0.66	0.646	0.329	0.467	0.469	0.47	0.882	0.916	0.918	0.932	0.923	0.933	0.951	0.941	0.955	0.944	0.939	0.928	0.899	0.912	0.912	0.91	0.909	0.91	0.898	0.913	0.924	0.917	0.918	0.913	0.789	0.813	0.841	0.788	0.792	0.805	0.559	0.575	0.304	0.37	0.371	0.343	0.05	0.109	0.137	0.138	0.051	0.051	0.123	0.107	0.053	0.05	0.055	0.059	0.925	0.936	0.949	0.907	0.96	0.929	0.802	0.688	0.716	0.764	0.686	0.952
10:38:05	0.843	0.827	0.814	0.759	0.774	0.794	0.658	0.644	0.33	0.47	0.468	0.47	0.879	0.914	0.916	0.929	0.921	0.93	0.948	0.939	0.951	0.943	0.936	0.926	0.898	0.91	0.909	0.908	0.906	0.907	0.895	0.91	0.921	0.914	0.914	0.911	0.784	0.809	0.836	0.784	0.789	0.797	0.557	0.572	0.296	0.369	0.371	0.342	0.053	0.099	0.129	0.145	0.142	0.077	0.14	0.112	0.13	0.089	0.063	0.053	0.923	0.934	0.947	0.905	0.958	0.927	0.799	0.687	0.715	0.761	0.683	0.95
10:48:05	0.838	0.823	0.811	0.757	0.771	0.792	0.655	0.643	0.332	0.47	0.468	0.47	0.877	0.912	0.912	0.927	0.918	0.927	0.946	0.935	0.949	0.94	0.933	0.923	0.895	0.908	0.906	0.906	0.904	0.904	0.893	0.907	0.919	0.91	0.911	0.908	0.781	0.806	0.832	0.781	0.786	0.797	0.555	0.57	0.289	0.368	0.371	0.342	0.079	0.09	0.121	0.138	0.167	0.16	0.147	0.122	0.151	0.138	0.044	0.052	0.921	0.932	0.945	0.903	0.955	0.925	0.798	0.685	0.713	0.761	0.682	0.947
10:58:05	0.837	0.822	0.81	0.756	0.771	0.791	0.657	0.642	0.334	0.468	0.47	0.47	0.875	0.909	0.911	0.925	0.916	0.926	0.944	0.934	0.947	0.938	0.931	0.921	0.893	0.906	0.905	0.904	0.903	0.903	0.891	0.905	0.916	0.908	0.908	0.905	0.777	0.802	0.828	0.78	0.788	0.791	0.553	0.567	0.289	0.369	0.372	0.341	0.145	0.08	0.113	0.132	0.177	0.172	0.14	0.116	0.172	0.145	0.041	0.052	0.92	0.93	0.943	0.9	0.953	0.923	0.796	0.683	0.712	0.758	0.68	0.946
11:08:05	0.833	0.818	0.806	0.753	0.768	0.788	0.654	0.639	0.336	0.471	0.471	0.471	0.873	0.908	0.908	0.922	0.914	0.923	0.938	0.931	0.944	0.936	0.928	0.918	0.891	0.903	0.903	0.902	0.901	0.901	0.889	0.903	0.914	0.905	0.907	0.903	0.774	0.799	0.825	0.774	0.778	0.787	0.55	0.567	0.286	0.369	0.373	0.344	0.151	0.069	0.104	0.125	0.168	0.168	0.133	0.11	0.164	0.139	0.041	0.055	0.917	0.928	0.94	0.898	0.951	0.92	0.794	0.682	0.71	0.756	0.678	0.942
11:18:05	0.831	0.817	0.802	0.75	0.768	0.788	0.653	0.638	0.335	0.471	0.472	0.471	0.871	0.905	0.906	0.92	0.911	0.92	0.935	0.928	0.941	0.932	0.926	0.915	0.889	0.901	0.901	0.9	0.898	0.898	0.886	0.904	0.911	0.904	0.903	0.901	0.772	0.797	0.822	0.773	0.776	0.784	0.547	0.565	0.286	0.37	0.374	0.345	0.153	0.058	0.095	0.117	0.156	0.158	0.125	0.105	0.155	0.132	0.041	0.188	0.915	0.925	0.938	0.897	0.949	0.917	0.792	0.68	0.709	0.755	0.677	0.94
11:28:05	0.829	0.814	0.8	0.748	0.765	0.784	0.652	0.639	0.338	0.473	0.473	0.471	0.869	0.902	0.904	0.918	0.908	0.918	0.932	0.925	0.939	0.93	0.923	0.914	0.887	0.899	0.899	0.898	0.897	0.897	0.885	0.898	0.909	0.901	0.9	0.899	0.769	0.792	0.818	0.768	0.771	0.779	0.545	0.56	0.287	0.371	0.374	0.347	0.154	0.057	0.086	0.108	0.145	0.148	0.116	0.098	0.146	0.125	0.042	0.195	0.912	0.923	0.936	0.895	0.946	0.916	0.79	0.679	0.707	0.752	0.675	0.938
11:38:05	0.827	0.812	0.799	0.748	0.763	0.785	0.651	0.636	0.339	0.472	0.473	0.472	0.867	0.9	0.9	0.915	0.906	0.916	0.929	0.922	0.935	0.927	0.92	0.911	0.885	0.898	0.897	0.896	0.894	0.894	0.882	0.896	0.906	0.898	0.898	0.896	0.766	0.791	0.817	0.764	0.768	0.776	0.542	0.557	0.289	0.374	0.374	0.347	0.155	0.055	0.076	0.098	0.134	0.137	0.107	0.091	0.135	0.115	0.041	0.198	0.911	0.921	0.934	0.893	0.944	0.914	0.788	0.677	0.705	0.752	0.674	0.935
11:48:05	0.825	0.809	0.796	0.745	0.761	0.783	0.65	0.635	0.34	0.473	0.473	0.473	0.865	0.897	0.899	0.912	0.904	0.913	0.927	0.919	0.933	0.923	0.918	0.909	0.883	0.896	0.895	0.893	0.892	0.892	0.88	0.894	0.903	0.896	0.896	0.894	0.764	0.79	0.816	0.758	0.767	0.771	0.538	0.553	0.291	0.372	0.377	0.35	0.156	0.058	0.065	0.088	0.123	0.126	0.097	0.084	0.123	0.103	0.041	0.198	0.909	0.919	0.932	0.891	0.942	0.912	0.787	0.676	0.705	0.749	0.672	0.933
11:58:05	0.823	0.806	0.793	0.744	0.759	0.78	0.647	0.633	0.34	0.475	0.473	0.476	0.864	0.895	0.896	0.91	0.901	0.911	0.924	0.917	0.93	0.922	0.915	0.906	0.881	0.893	0.893	0.891	0.89	0.89	0.878	0.891	0.901	0.894	0.894	0.892	0.761	0.787	0.812	0.757	0.758	0.769	0.535	0.549	0.293	0.373	0.376	0.349	0.157	0.215	0.058	0.077	0.111	0.114	0.087	0.076	0.111	0.092	0.041	0.199	0.907	0.917	0.93	0.889	0.94	0.911	0.785	0.675	0.702	0.747	0.67	0.931
12:08:05	0.819	0.804	0.791	0.743	0.758	0.781	0.648	0.633	0.344	0.474	0.474	0.473	0.862	0.894	0.895	0.908	0.899	0.91	0.922	0.915	0.928	0.919	0.913	0.905	0.879	0.892	0.892	0.89	0.889	0.889	0.876	0.89	0.9	0.892	0.891	0.89	0.757	0.783	0.808	0.753	0.754	0.763	0.531	0.549	0.295	0.375	0.376	0.35	0.157	0.222	0.057	0.065	0.099	0.102	0.077	0.068	0.098	0.08	0.041	0.2	0.905	0.916	0.929	0.887	0.939	0.909	0.783	0.673	0.702	0.746	0.67	0.929
