Time	A1	A2	A3	A4	A5	A6	A7	A8	A9	A10	A11	A12	B1	B2	B3	B4	B5	B6	B7	B8	B9	B10	B11	B12	C1	C2	C3	C4	C5	C6	C7	C8	C9	C10	C11	C12	D1	D2	D3	D4	D5	D6	D7	D8	D9	D10	D11	D12	E1	E2	E3	E4	E5	E6	E7	E8	E9	E10	E11	E12	F1	F2	F3	F4	F5	F6	F7	F8	F9	F10	F11	F12	G1	G2	G3	G4	G5	G6	G7	G8	G9	G10	G11	G12	H1	H2	H3	H4	H5	H6	H7	H8	H9	H10	H11	H12
00:00:00	8	9	8	20	9	14	14	20	13	44	16	26	9	9	9	13	12	10	9	10	13	13	9	22	14	11	10	169	94	72	109	50	286	306	11	21	10	9	11	13	14	9	10	13	9	14	11	9	12	13	24	16	28	9	11	13	26	13	27	8	273	9	50	258	13	10	210	106	123	254	11	95	12	11	11	9	10	11	31	19	10	9	12	8	135	12	10	90	10	19	13	23	11	49	9	10
00:10:02	10	8	11	23	11	13	20	26	11	51	17	24	11	10	10	12	12	13	9	11	13	16	9	23	15	11	10	208	111	77	151	61	320	327	11	26	10	11	11	14	14	11	13	15	11	17	11	12	13	11	27	15	29	11	12	14	28	14	33	12	260	8	58	255	12	13	225	120	145	256	9	115	13	11	9	9	8	9	36	22	13	12	12	9	124	11	12	85	11	17	11	24	11	48	9	9
00:20:05	13	10	11	25	10	15	19	25	13	56	15	27	11	13	11	15	12	13	10	10	9	20	11	21	14	13	11	215	123	81	170	71	360	369	13	29	11	13	11	18	16	15	15	15	12	17	14	11	14	13	28	19	28	11	14	16	31	17	33	13	282	11	62	266	13	13	262	132	162	296	11	125	10	11	9	13	14	12	30	20	15	10	12	10	116	15	14	87	13	17	12	22	15	45	9	8
00:30:08	14	9	12	27	13	26	24	34	16	66	17	34	10	14	10	13	15	10	11	11	11	18	10	20	17	12	13	222	123	98	179	72	336	404	15	28	10	12	13	17	15	15	15	16	13	18	10	12	14	12	33	19	30	11	15	15	28	17	34	14	302	11	69	260	15	11	329	111	151	294	11	158	12	12	10	12	12	10	27	16	13	11	12	9	113	14	15	72	15	17	13	24	10	46	10	10
00:40:10	16	14	11	40	15	33	31	42	23	70	21	40	16	14	13	15	17	15	16	12	15	20	13	24	17	13	11	252	174	117	230	84	345	469	15	29	15	12	15	18	17	12	14	17	15	21	15	15	16	14	32	23	31	12	15	17	32	16	38	15	327	12	67	307	15	12	349	146	149	323	11	190	14	14	12	11	12	11	35	21	15	11	12	12	120	16	16	87	14	18	10	23	16	45	9	11
00:50:12	14	11	13	40	13	32	31	46	22	65	19	44	13	15	13	15	16	12	11	14	10	20	12	23	19	12	13	251	173	123	243	81	344	471	15	33	13	14	13	16	18	17	19	16	13	20	13	14	15	16	41	26	32	12	16	16	32	19	39	14	344	15	85	333	14	13	428	135	162	334	11	211	13	13	11	12	15	13	36	20	14	13	13	13	130	16	14	82	14	21	14	21	17	49	12	11
01:00:14	17	13	11	37	15	38	31	44	24	70	18	46	13	13	12	15	15	11	13	11	13	20	13	23	18	12	14	279	196	137	279	84	355	454	14	35	12	14	12	18	16	15	16	16	16	15	15	14	17	14	43	25	32	13	15	14	31	19	40	14	321	13	73	357	17	15	550	162	177	338	11	224	11	13	12	12	15	12	36	23	14	13	11	12	137	19	13	82	15	19	13	27	17	48	11	11
01:10:16	16	12	14	45	16	43	37	54	25	78	18	53	14	13	14	19	15	12	13	11	13	20	14	23	22	15	13	302	209	155	305	90	385	476	15	33	14	12	16	18	17	14	21	18	14	17	14	14	17	14	46	27	39	12	14	18	35	16	41	14	343	12	81	393	15	13	531	158	186	343	10	233	11	14	13	11	14	12	36	24	15	13	14	10	142	16	16	89	15	21	13	26	18	54	12	12
01:20:18	18	16	11	45	13	44	35	46	29	76	19	53	13	13	13	20	15	14	15	12	14	19	13	24	20	13	17	329	225	174	335	98	406	480	15	31	15	11	14	17	18	17	18	18	14	21	15	12	16	12	50	29	35	12	16	19	35	17	43	15	343	13	78	400	17	14	515	195	204	371	12	256	10	14	14	12	15	12	38	23	14	14	12	10	148	19	15	94	15	20	14	23	17	56	10	12
01:30:20	20	14	13	48	12	52	39	60	28	78	25	62	16	15	14	22	13	13	15	14	13	25	14	24	19	12	12	355	231	194	358	106	444	479	16	41	13	13	16	18	19	20	19	19	13	16	18	13	19	15	52	31	38	13	15	19	37	15	45	14	369	12	101	461	17	13	572	193	220	350	11	279	12	13	12	13	15	12	38	23	14	13	13	13	163	20	15	96	16	24	13	23	13	58	12	13
01:40:22	19	14	14	49	16	50	42	65	29	75	28	60	15	15	15	22	16	13	12	10	16	23	14	25	20	14	14	377	253	191	372	101	470	481	18	36	14	12	14	21	17	17	18	19	15	20	15	11	17	16	53	35	38	12	16	19	38	17	48	13	394	14	81	493	15	14	537	197	234	360	11	305	14	14	12	14	15	11	37	25	15	11	14	14	167	20	16	96	15	29	13	28	17	61	11	13
01:50:24	17	14	13	53	15	53	47	69	33	81	20	61	15	17	13	17	17	13	15	14	14	23	14	27	20	13	15	386	276	211	386	109	506	464	18	43	16	15	15	19	22	20	19	20	16	18	16	13	19	15	53	34	46	12	16	19	44	16	50	16	387	13	80	552	15	14	528	208	239	348	16	315	12	13	13	13	15	12	35	24	14	13	15	15	184	21	15	103	16	25	14	31	16	57	11	13
02:00:26	25	15	13	45	14	62	46	71	35	82	23	60	14	17	15	23	16	14	15	14	14	22	13	24	20	15	16	405	293	199	416	115	521	466	17	37	15	14	14	20	18	18	21	19	14	15	16	14	18	15	52	35	39	13	18	19	38	14	50	11	424	14	81	529	14	12	624	198	262	331	11	334	14	16	13	12	15	15	36	25	14	13	13	13	191	19	18	103	17	28	15	25	18	66	12	11
02:10:28	26	14	13	50	15	64	48	70	39	84	23	65	15	16	16	23	19	13	13	14	17	23	12	23	24	16	14	436	314	215	465	117	550	450	21	42	16	14	13	20	22	25	21	22	17	21	13	15	23	17	59	37	40	15	18	19	44	18	48	14	445	14	81	532	16	13	672	206	292	309	13	353	14	13	13	14	16	14	36	25	14	12	16	14	202	23	18	103	19	29	16	25	15	69	11	13
02:20:31	24	15	15	55	16	65	51	75	40	89	29	62	14	18	15	24	19	16	15	15	16	21	15	28	22	13	15	462	328	224	474	128	574	458	17	39	18	16	15	21	20	24	20	21	14	16	14	15	21	22	69	46	57	17	21	27	49	23	72	18	551	17	108	677	20	19	913	275	427	425	17	445	15	17	17	16	18	17	45	33	20	19	18	18	288	27	22	123	22	42	22	39	21	93	16	20
02:30:33	32	20	16	63	21	81	58	94	48	101	33	74	19	21	21	28	24	18	20	17	18	26	17	30	26	22	21	581	377	249	572	156	698	541	25	53	20	18	20	27	25	26	29	28	20	21	23	15	28	23	102	59	71	21	28	29	68	21	75	20	631	18	128	771	22	20	1131	320	472	474	17	534	19	19	20	17	24	16	48	31	21	15	20	15	237	26	19	149	25	37	19	37	19	90	15	16
02:40:35	37	22	15	66	20	77	61	79	48	95	28	69	14	19	16	23	20	16	15	18	16	27	17	29	21	17	17	522	352	234	526	135	671	493	18	48	18	17	16	23	23	20	22	26	17	19	18	17	21	18	70	40	49	16	21	22	51	21	58	17	520	16	91	599	21	19	804	250	369	369	16	419	15	15	15	18	17	16	38	32	16	17	20	13	227	25	16	125	20	34	18	34	18	87	13	17
02:50:37	29	16	14	61	18	75	54	80	39	95	26	66	13	17	15	25	18	15	15	15	17	23	16	25	21	17	17	542	367	268	543	154	673	482	17	49	16	17	19	20	23	25	24	25	14	20	17	15	24	17	81	45	50	16	16	22	54	19	66	18	504	14	97	585	17	16	780	266	393	386	15	448	16	15	13	12	14	13	37	29	16	12	16	14	205	25	19	114	20	29	17	31	16	81	14	14
03:00:39	27	14	16	67	19	73	63	80	48	101	38	68	16	18	18	26	18	16	17	14	20	24	19	29	18	15	19	540	334	246	543	150	720	477	22	47	17	15	13	20	23	21	21	20	18	18	18	18	22	15	74	45	51	15	22	22	47	22	65	14	540	15	93	681	17	17	922	257	388	366	16	415	15	19	14	15	17	14	40	31	18	17	18	17	226	30	23	130	18	36	16	35	20	90	13	15
03:10:41	28	17	15	67	18	83	62	91	46	96	31	65	14	20	20	27	20	16	16	17	19	21	15	28	25	17	16	553	367	262	554	158	722	476	17	47	16	13	16	24	20	22	23	23	17	20	16	12	22	20	70	45	50	16	22	23	45	15	56	17	555	16	105	651	17	16	985	254	399	360	12	428	15	15	13	13	18	17	38	29	18	16	15	14	217	27	19	120	19	31	16	32	17	81	13	14
03:20:43	29	15	14	65	16	77	61	81	42	93	34	66	14	16	15	26	18	13	15	15	15	24	16	23	22	16	17	571	335	254	553	160	700	451	21	42	16	16	16	20	20	22	20	23	14	19	16	15	21	17	72	41	45	12	17	19	41	14	60	13	561	13	84	629	16	14	951	255	388	342	12	414	14	17	12	13	17	13	35	24	17	11	14	13	209	21	15	119	16	32	12	29	16	81	12	12
03:30:46	29	18	15	63	18	85	56	83	49	106	35	63	15	19	19	28	17	16	16	17	15	24	16	29	21	15	17	559	374	271	561	173	722	470	18	51	15	14	17	20	21	23	23	25	19	18	15	16	21	18	74	45	50	14	18	22	50	14	53	14	569	13	128	687	16	13	1017	259	408	340	11	445	14	14	12	14	14	16	33	24	18	13	16	14	209	24	16	133	18	32	15	31	15	73	11	12
03:40:48	27	17	13	67	18	79	59	84	51	95	27	75	16	18	16	26	17	17	18	16	13	22	15	26	21	16	15	613	379	274	564	186	728	450	21	54	15	15	16	21	20	23	20	20	16	18	16	14	21	17	73	42	48	15	17	18	48	15	62	15	582	12	83	669	19	16	1115	258	420	343	13	457	12	16	13	13	15	13	33	27	16	14	15	12	225	24	17	139	18	29	13	29	16	83	12	13
03:50:50	29	17	13	67	21	79	61	87	50	94	41	72	15	18	16	23	18	17	16	17	15	23	17	26	21	15	18	608	392	287	572	184	756	473	23	57	16	14	15	21	24	23	21	22	18	20	17	14	24	16	64	46	50	16	21	18	44	21	62	16	593	15	126	703	19	15	1101	259	435	332	13	482	13	18	14	16	17	15	36	30	19	14	12	16	245	25	17	140	19	31	15	32	16	81	15	13
04:00:53	26	19	13	74	16	69	64	91	44	101	44	78	16	16	18	25	17	13	17	15	16	22	16	27	22	14	17	624	395	295	591	194	745	460	21	53	16	13	15	19	20	23	20	25	17	19	15	16	21	17	69	45	48	12	21	22	46	17	58	15	591	15	101	694	15	14	1251	270	443	351	12	491	14	15	13	14	12	12	36	25	18	13	12	13	242	25	17	128	18	35	15	34	16	89	14	14
04:10:55	33	18	13	70	19	84	66	82	53	109	37	80	16	17	20	28	19	16	15	16	16	23	17	27	25	17	18	673	405	312	636	212	795	481	23	56	16	13	17	22	22	29	23	26	17	21	18	18	22	20	80	48	53	17	21	24	52	19	62	14	600	14	136	749	18	16	1188	292	461	379	12	502	16	18	13	15	14	15	38	27	18	15	16	14	260	27	17	138	22	34	19	32	18	81	12	14
04:20:58	26	18	15	77	18	79	66	85	54	103	45	79	17	16	17	27	20	15	19	17	19	23	15	25	26	18	16	648	410	300	615	211	799	488	24	55	16	17	19	21	23	24	23	25	18	19	16	17	21	19	75	43	51	16	21	23	56	21	68	17	597	17	124	768	19	16	1435	285	434	381	15	493	14	17	14	15	14	13	35	27	16	15	15	15	250	27	18	138	18	34	16	32	15	91	11	16
04:31:00	29	19	14	67	19	93	66	90	52	113	38	84	18	19	20	26	17	18	19	15	15	22	20	29	26	16	18	638	416	311	620	210	846	492	18	51	15	15	14	22	21	26	21	22	17	19	17	14	20	17	83	49	46	13	21	21	52	16	58	15	635	15	148	760	18	17	1047	287	452	390	14	495	15	17	14	12	16	12	32	29	15	15	15	15	266	28	16	146	20	35	12	31	16	85	12	14
04:41:02	28	18	15	71	18	87	63	91	50	107	44	92	15	17	18	28	19	17	17	21	19	21	15	26	24	17	16	646	393	323	669	220	860	473	22	54	18	15	16	18	21	22	22	23	17	18	18	16	23	18	82	49	55	16	19	22	52	18	64	15	651	15	108	819	19	17	1472	306	445	396	14	516	15	17	14	17	14	15	38	29	18	14	17	11	259	26	16	147	16	34	15	32	16	91	11	12
04:51:05	30	22	16	71	21	99	71	81	53	109	55	86	16	18	22	29	20	17	18	16	18	22	17	26	25	14	16	675	411	332	677	236	862	458	23	55	18	15	17	19	25	23	25	22	19	18	16	18	20	19	82	46	50	17	18	19	50	16	61	13	642	14	150	838	20	16	988	306	466	396	16	559	16	17	13	15	14	15	33	26	22	16	14	13	283	26	19	146	20	37	16	31	15	86	12	13
05:01:07	24	18	17	79	22	91	70	85	58	107	39	83	17	19	19	32	20	15	20	17	16	26	17	26	27	15	17	695	395	351	627	243	893	450	20	58	15	16	17	23	24	25	25	26	16	21	17	17	19	18	83	47	50	17	21	25	56	19	66	15	652	17	116	842	20	16	1390	305	474	385	14	571	14	16	15	12	15	14	35	27	20	14	14	14	274	26	20	152	20	35	15	32	18	91	8	14
05:11:09	31	21	17	74	24	98	74	89	57	104	62	91	14	19	20	29	20	16	18	19	18	23	18	28	29	19	18	723	410	368	719	261	865	492	24	61	17	16	19	19	22	23	24	26	19	20	17	17	22	19	82	50	61	18	23	22	53	22	71	18	648	18	167	883	18	16	999	308	487	401	14	581	13	17	15	13	17	17	34	27	23	14	15	15	289	32	23	147	20	35	18	34	19	91	14	15
05:21:12	29	20	16	81	22	92	70	88	52	114	36	94	17	19	23	32	20	19	18	19	20	26	20	30	22	20	20	699	401	359	738	264	888	487	21	58	16	16	18	22	28	30	24	27	22	22	20	18	25	21	98	53	55	17	21	21	60	23	70	16	661	14	111	835	19	18	1448	305	505	391	14	567	16	17	14	14	17	16	34	26	21	16	16	14	274	27	22	138	20	33	15	37	16	88	14	13
05:31:14	32	20	18	79	20	96	73	91	60	105	72	94	17	18	20	24	18	17	20	18	18	21	17	27	27	17	17	699	381	349	707	267	927	479	21	61	18	18	17	21	22	25	22	25	17	20	18	14	19	18	90	49	57	16	22	21	54	16	74	16	682	14	162	858	18	18	1328	336	498	384	12	583	14	17	13	14	15	15	33	27	20	15	14	13	272	29	18	142	21	37	16	31	19	85	13	15
05:41:16	32	18	12	85	22	94	68	95	59	109	47	86	15	22	18	29	22	18	15	19	17	22	16	26	25	16	21	714	400	362	697	264	933	509	21	58	19	20	17	22	23	29	25	23	18	20	16	17	22	17	83	46	53	13	25	25	52	19	75	18	642	14	123	864	19	16	1482	330	510	379	13	572	15	17	15	15	14	13	35	23	21	12	14	14	284	28	16	146	22	33	15	33	19	94	14	14
05:51:19	32	20	16	84	23	101	78	95	53	114	63	91	17	16	21	26	18	18	18	19	20	24	16	26	29	20	19	736	400	380	742	272	995	534	22	57	19	15	15	23	24	26	25	26	18	20	17	16	22	20	89	49	53	17	25	25	54	18	68	18	704	17	176	894	19	17	1445	343	524	395	15	567	17	16	13	17	16	17	35	27	21	15	15	15	289	27	16	142	20	34	17	36	20	93	13	13
06:01:21	29	21	19	82	25	94	75	95	64	118	54	95	17	19	20	30	21	17	19	21	20	22	21	29	30	22	16	749	407	385	716	276	980	513	22	56	17	18	16	20	25	23	23	26	19	19	18	18	23	20	94	49	54	17	24	23	56	17	78	15	699	14	131	905	19	20	1550	331	539	408	15	566	14	19	15	14	14	14	35	28	22	14	17	14	281	27	18	144	20	39	14	37	23	97	13	13
06:11:23	30	21	18	86	25	109	78	94	60	116	47	102	20	18	20	29	24	19	18	19	19	22	18	27	31	19	18	771	420	403	739	291	953	521	22	64	18	17	17	22	22	27	23	28	17	20	15	15	22	18	98	49	53	17	24	26	53	20	78	16	687	15	154	923	22	18	1418	326	508	426	18	568	13	17	14	14	14	17	33	27	25	14	16	15	288	31	19	147	21	34	15	37	17	96	14	14
06:21:25	31	21	15	80	25	93	73	98	63	120	67	98	16	21	21	31	21	19	20	22	19	22	21	32	29	16	16	771	414	410	709	313	919	510	25	64	18	17	16	23	22	23	27	24	16	22	18	18	23	19	94	53	50	15	25	23	52	20	84	18	706	16	151	919	18	16	1636	347	521	425	16	584	15	15	13	14	15	16	34	27	25	15	16	15	296	32	16	149	20	38	15	35	19	103	15	15
06:31:28	29	20	19	87	26	104	72	95	61	129	45	95	17	19	21	31	18	17	18	19	22	29	18	29	31	16	18	755	440	418	711	327	975	529	23	66	17	14	20	20	26	24	22	27	17	18	18	15	25	21	101	53	53	17	25	25	55	18	82	19	710	14	152	938	17	19	1195	359	493	404	15	566	16	18	15	16	19	16	32	27	24	14	15	15	309	27	16	153	20	39	15	33	19	99	11	14
06:41:30	29	21	16	91	22	103	81	100	61	133	75	97	14	22	21	28	20	21	18	17	21	23	18	30	31	16	19	750	436	427	692	331	998	533	21	58	19	19	17	28	28	27	24	30	19	20	18	19	24	19	100	62	58	18	23	23	56	23	83	18	709	16	151	961	20	18	1609	367	482	414	15	567	15	14	13	15	16	19	34	28	25	13	16	15	313	29	22	157	21	38	16	31	18	101	14	12
06:51:32	34	25	23	89	24	104	82	100	65	128	46	104	17	21	21	33	21	20	18	20	20	25	21	31	28	19	15	766	451	433	710	346	1034	522	27	64	18	18	19	24	30	32	24	28	17	22	18	15	26	20	98	56	56	14	23	24	56	18	75	16	702	15	148	949	22	20	1112	361	522	418	14	556	14	16	16	13	18	18	38	32	27	13	15	16	320	29	19	156	18	39	15	32	18	97	13	15
07:01:34	34	26	18	84	24	96	82	93	66	127	76	101	18	21	23	32	19	20	18	17	23	25	24	32	32	18	17	761	434	465	723	360	1018	547	28	67	23	18	17	24	23	25	25	26	19	23	20	19	24	22	115	56	61	17	23	25	54	19	75	16	742	17	150	979	21	20	1643	377	534	434	14	579	16	16	14	12	18	16	39	27	23	16	16	18	324	33	21	150	22	38	15	34	19	92	15	14
07:11:36	32	25	20	92	23	107	81	100	63	124	57	92	16	19	18	30	22	19	18	20	23	27	22	28	35	17	19	751	433	464	723	350	1054	558	22	63	17	18	19	27	26	26	25	28	22	24	18	19	22	21	109	51	59	16	25	23	56	21	78	15	774	19	145	987	23	22	1044	361	523	452	15	582	15	16	15	15	16	17	37	27	23	14	14	14	335	35	21	163	23	40	18	32	22	91	13	15
07:21:38	33	24	20	81	24	106	87	103	65	128	62	92	20	24	22	34	22	18	22	23	20	27	25	31	32	19	20	714	446	469	703	355	1051	558	25	67	19	18	18	24	27	31	22	32	19	19	18	19	19	21	106	55	61	19	22	27	63	21	82	19	784	19	156	1021	22	19	1646	367	517	458	17	591	14	18	15	14	17	19	44	27	23	16	19	15	337	34	22	158	19	38	17	34	21	91	12	17
07:31:40	34	27	18	85	28	112	90	102	68	126	74	90	18	21	22	34	22	20	18	19	21	31	20	31	33	16	17	735	460	471	728	391	1048	555	26	64	20	18	18	25	26	28	27	29	19	19	17	17	23	23	110	58	64	16	24	25	63	22	80	17	760	17	162	1064	22	21	1208	358	530	470	14	582	15	15	17	14	14	16	36	28	21	15	15	14	344	26	19	158	19	39	17	36	20	84	12	17
07:41:43	33	26	16	79	22	109	91	110	61	125	47	89	20	19	24	36	22	21	19	19	22	23	21	35	34	18	20	757	446	474	741	396	1076	585	25	66	20	20	18	24	26	24	25	28	19	23	19	18	25	23	104	55	57	20	24	29	63	20	79	19	806	18	156	1064	20	21	1548	353	549	484	16	589	15	20	14	14	16	19	38	28	21	16	15	13	347	29	21	162	21	34	13	35	21	94	13	14
07:51:45	32	30	23	89	26	109	94	114	69	118	81	88	18	24	27	32	21	19	23	19	23	28	21	33	37	16	18	744	474	496	742	395	953	587	26	61	20	21	17	24	29	28	23	28	18	23	19	17	24	18	114	60	61	19	24	20	55	22	78	17	820	16	153	1047	22	24	1301	378	557	472	17	610	14	18	15	13	17	15	36	27	21	13	13	14	371	31	20	166	21	40	16	35	19	92	16	16
08:01:47	35	25	18	87	23	110	93	108	70	123	40	89	20	22	26	37	20	21	21	22	25	28	23	28	42	20	18	773	447	510	720	412	939	580	27	67	21	20	19	26	31	31	28	30	18	21	23	22	28	23	109	57	61	21	24	25	62	20	77	19	784	15	148	1032	24	19	1462	376	566	471	19	609	19	19	13	17	18	19	36	29	23	14	17	14	371	33	20	164	22	35	17	37	22	87	16	16
08:11:50	35	26	19	92	26	110	100	107	65	121	84	94	19	23	28	33	25	19	21	22	23	26	23	28	38	16	20	788	451	515	725	410	989	579	25	71	19	20	22	24	30	25	28	29	20	22	18	16	23	22	117	59	65	19	20	28	60	17	79	21	768	18	152	1011	22	21	1539	381	557	448	15	593	18	20	14	17	17	20	38	30	23	12	17	16	375	32	19	160	22	38	18	33	21	94	11	16
08:21:52	35	25	18	86	26	113	103	112	73	128	64	99	18	22	26	31	24	22	21	25	26	26	24	33	38	19	18	795	455	487	741	423	961	586	25	69	21	17	19	24	28	25	27	26	21	22	21	23	22	20	113	59	65	22	24	26	60	22	72	18	745	19	157	1036	20	20	1481	359	563	435	14	573	19	19	14	16	19	18	39	28	23	16	17	16	371	33	19	169	22	38	18	38	23	97	17	19
08:31:55	35	27	21	91	28	111	94	103	71	121	54	91	19	26	27	31	21	20	24	21	25	32	22	31	42	15	17	816	464	539	757	429	918	595	26	66	23	20	19	26	26	30	29	30	20	22	20	19	23	21	107	63	61	22	24	27	60	21	82	19	734	18	160	1036	19	21	1664	406	574	435	18	592	15	22	17	18	14	19	42	27	21	16	19	14	379	34	16	159	20	39	16	36	22	93	13	15
08:41:57	33	28	25	81	29	101	96	105	70	119	82	103	23	22	27	34	21	21	19	23	25	29	25	30	45	17	18	819	457	565	739	427	973	624	27	75	23	22	20	25	32	30	27	30	20	21	18	19	25	23	108	58	60	19	26	28	57	19	79	18	764	18	159	1118	21	21	1587	413	576	425	18	605	13	18	18	19	18	20	42	25	20	15	18	13	383	34	21	171	19	40	19	39	20	92	14	15
08:51:59	36	28	25	98	26	108	106	107	72	123	51	94	19	20	28	33	24	18	22	26	28	31	25	32	41	20	23	796	462	571	750	409	1054	638	29	77	21	20	22	26	26	26	25	27	21	25	17	21	26	24	106	57	60	20	26	29	61	22	75	21	779	17	158	1147	23	27	1738	393	575	446	15	593	16	17	14	17	18	22	39	27	21	18	20	15	390	32	19	167	22	36	16	40	21	85	16	16
09:02:02	38	24	20	87	29	101	115	114	74	125	85	100	17	22	29	35	26	22	25	23	27	30	25	33	40	25	19	779	457	589	729	416	1045	641	28	70	25	17	20	28	30	29	26	29	19	22	20	23	26	25	114	58	56	18	26	26	62	25	81	21	795	18	158	1159	22	20	1755	389	572	451	20	592	17	19	17	14	17	20	34	28	24	13	18	17	373	35	19	158	20	42	18	39	20	95	13	17
09:12:04	36	25	25	98	27	106	114	112	82	130	51	105	19	19	27	37	22	20	25	25	27	31	27	36	45	18	17	770	476	596	753	439	1059	637	26	75	19	19	17	30	25	31	24	28	21	24	19	22	26	22	117	58	60	22	26	28	60	23	81	20	824	21	150	1140	22	23	1562	386	583	456	16	599	19	19	18	17	17	21	40	30	21	16	19	18	381	36	20	164	20	39	17	34	21	95	15	13
09:22:07	38	25	23	92	30	108	104	116	69	139	92	107	19	24	29	43	26	22	23	22	27	29	23	36	44	20	23	790	438	600	753	445	1049	627	27	77	24	22	22	31	31	31	28	30	25	19	18	20	23	24	123	66	59	20	27	31	65	27	77	22	836	21	159	1165	22	21	1785	400	567	477	16	595	17	20	13	16	18	20	38	31	22	13	20	13	377	34	22	153	22	39	16	39	23	92	16	13
09:32:09	40	27	23	100	23	105	106	106	75	121	74	106	20	22	31	36	26	23	21	26	27	31	20	36	44	21	21	779	458	606	722	453	1023	621	29	79	21	21	23	28	29	28	26	28	23	22	20	21	27	22	122	60	62	22	28	29	63	23	81	24	835	21	168	1178	23	25	1745	402	597	497	18	598	17	19	13	15	17	23	40	28	23	17	20	19	360	36	20	163	21	43	14	39	21	89	12	13
09:42:11	40	29	21	91	29	110	117	108	68	130	54	115	21	21	31	38	27	23	21	25	31	31	29	38	47	24	20	776	450	611	778	469	1036	635	30	83	27	18	21	28	30	33	29	30	25	23	22	24	27	24	133	60	60	20	27	30	60	24	79	24	814	21	155	1190	24	27	1838	409	610	529	18	626	20	20	14	19	17	25	39	29	23	20	23	17	370	34	20	178	23	45	21	38	23	97	18	14
09:52:14	39	28	19	100	24	111	118	109	72	129	86	114	20	22	30	39	23	22	24	27	29	35	27	35	45	19	19	811	458	617	755	475	1020	628	29	75	23	23	19	30	30	32	30	31	24	22	25	19	26	26	124	56	55	19	30	27	63	24	78	21	788	18	152	1164	20	24	1459	396	546	493	17	619	14	20	17	15	19	19	40	29	22	17	19	16	349	34	23	152	21	39	18	41	21	94	16	16
10:02:16	37	23	21	91	29	102	114	117	75	129	47	115	21	27	30	36	29	20	23	23	30	29	25	36	50	22	21	809	466	607	758	491	1073	659	32	79	21	23	23	29	30	32	29	31	24	23	22	23	27	26	126	59	61	22	27	26	67	25	72	24	834	19	154	1143	23	22	1645	401	564	482	18	618	18	20	14	14	17	23	39	29	22	17	19	17	343	31	20	159	22	38	14	38	20	90	14	17
10:12:18	36	25	24	104	33	102	117	114	68	135	90	105	23	25	27	40	27	22	25	29	30	30	29	33	54	19	18	806	488	638	734	520	1093	672	30	85	25	18	23	30	29	32	30	34	23	23	22	23	28	23	130	65	63	25	29	29	63	25	75	24	828	19	159	1150	21	23	1204	410	585	479	20	631	14	20	15	18	20	23	40	27	24	15	23	17	360	33	22	173	22	41	16	42	20	95	15	14
10:22:21	35	29	21	94	28	121	120	115	78	123	52	124	20	24	26	38	24	21	27	27	30	30	27	35	54	20	18	823	503	651	735	541	1136	699	31	82	21	18	21	30	27	33	31	32	24	24	24	27	28	26	123	66	67	23	28	26	66	23	79	23	785	18	169	1164	25	24	1479	413	597	469	15	618	19	20	15	15	20	22	40	31	25	12	18	18	355	33	23	166	24	42	20	40	24	100	17	17
10:32:23	42	26	24	109	35	114	110	109	74	127	87	121	24	23	29	40	28	21	23	23	30	34	29	36	54	23	18	818	507	668	747	554	1153	717	28	82	26	21	20	31	29	32	28	32	23	21	23	20	27	26	121	65	62	22	27	28	68	22	79	22	808	20	156	1168	22	23	1170	435	551	470	18	598	18	21	18	18	20	21	38	31	25	16	17	18	330	38	20	171	21	39	14	40	20	95	17	17
10:42:26	39	26	22	93	31	123	119	115	83	127	71	119	22	27	29	40	29	23	24	24	30	36	29	35	54	25	19	833	492	691	753	550	1157	699	29	84	26	22	22	29	33	33	26	31	21	28	23	24	26	27	130	65	65	23	30	29	64	22	80	23	819	24	167	1201	24	25	1603	407	568	501	20	610	20	23	19	19	19	23	43	30	24	17	21	18	342	37	20	177	25	41	17	37	21	100	17	17
10:52:28	41	22	25	104	33	104	107	117	73	130	55	115	18	26	27	37	27	23	27	24	30	29	31	33	58	23	21	860	490	663	718	566	1120	645	30	85	25	24	24	30	31	34	28	34	26	24	25	21	27	27	135	65	66	21	29	31	69	24	81	25	829	22	165	1174	24	26	1275	409	588	501	17	579	15	18	15	17	18	22	43	29	24	18	19	18	329	33	23	182	25	43	17	38	21	91	17	17
11:02:30	46	26	24	95	29	121	112	115	89	136	91	117	25	27	30	40	28	24	28	30	32	34	33	37	56	25	21	878	486	714	710	565	1075	635	26	89	25	24	22	29	33	30	30	32	26	23	24	26	29	30	141	64	72	20	31	31	75	25	83	22	820	25	166	1197	24	26	1732	415	615	504	20	590	20	20	18	18	20	27	43	36	23	19	21	22	325	36	27	182	25	46	22	39	23	98	19	17
11:12:33	37	24	27	103	34	107	118	117	80	143	53	116	25	30	32	36	28	25	25	27	28	32	31	36	59	23	25	847	461	719	722	553	1066	663	29	85	26	21	25	30	29	38	29	28	21	25	21	23	26	29	126	62	64	23	31	32	78	23	85	24	808	21	167	1165	23	24	1209	404	604	501	16	604	18	20	19	19	21	27	40	32	26	17	22	20	308	37	21	176	22	45	21	40	21	95	18	18
11:22:35	44	27	25	102	33	125	122	120	89	147	91	114	26	29	28	45	31	29	30	30	30	33	28	38	58	26	25	875	482	730	772	530	1135	714	30	92	24	24	21	31	33	38	33	40	26	23	24	28	29	28	142	63	75	21	31	35	83	24	89	25	832	24	154	1172	25	28	1789	430	580	504	18	666	19	23	19	19	18	23	42	32	23	16	21	19	313	34	23	181	22	47	19	34	24	100	15	17
11:32:37	35	25	27	104	35	117	133	110	83	143	72	120	26	26	31	38	29	26	29	29	32	31	26	39	67	24	21	855	499	726	717	551	1164	719	35	93	25	23	23	33	31	38	34	32	22	23	24	23	32	31	138	61	70	22	28	33	77	24	79	22	876	23	163	1170	24	28	1219	424	585	508	22	629	18	21	14	19	20	22	40	28	26	16	23	19	308	36	25	172	25	45	20	39	25	99	18	17
11:42:40	38	29	22	104	40	115	131	115	81	137	73	116	26	27	30	46	31	26	26	32	31	31	32	42	61	25	19	821	522	719	747	569	1163	702	33	85	24	26	22	32	32	36	31	33	26	28	27	27	31	29	136	70	73	25	33	38	87	23	81	22	903	23	166	1191	28	31	1812	432	652	511	19	592	18	21	18	17	19	27	47	34	25	21	22	18	321	34	26	167	26	47	21	43	23	96	18	19
11:52:42	36	28	30	102	33	127	130	125	82	138	96	121	24	27	31	44	29	25	30	30	32	34	33	43	64	22	24	823	536	769	745	558	1086	703	32	92	29	27	27	34	36	35	29	37	27	27	27	24	28	27	143	64	69	26	30	34	72	24	88	26	914	25	167	1158	30	31	1329	423	627	509	23	597	21	24	21	20	22	26	42	33	27	20	23	20	304	35	24	171	23	47	18	42	25	94	18	19

