Time	A1	A2	A3	A4	A5	A6	A7	B1	B2	B3	B4	B5	B6	B7	C1	C2	C3	C4	C5	C6	C7	C8	C9	C10	D1	D2	D3	D4	D5	D6	D7	D8	D9	D10	E1	E2	E3	E4	E5	E6	E7	F1	F2	F3	F4	F5	F6	F7	G1	G2	G3	G4	G5	G6	G7	G8	H1	H2	H3	H4	H5	H6	H7	H8	H9	H10	I1	I2	I3	I4	I5	I6	I7	I8	I9	I10
0:08:37	29	31	30	41	34	48	42	43	27	35	46	28	29	32	93	79	76	90	77	91	90	87	94	96	86	74	85	86	83	79	101	73	93	64	120	105	84	106	90	88	97	28	21	32	30	11	20	27	41	23	27	25	28	16	31	40	776	740	705	715	748	726	727	766	728	728	731	760	762	724	740	708	772	761	782	766
0:18:37	43	66	45	35	52	48	55	53	46	56	51	48	52	54	110	102	111	111	116	105	116	112	132	120	102	102	101	105	112	118	104	125	123	118	111	107	88	99	108	101	103	41	28	25	26	26	28	32	27	29	24	12	22	24	30	37	1104	1117	1044	1031	1061	1053	1113	1058	1109	1103	1128	1037	1028	1036	987	985	1129	1124	1152	1093
0:28:37	72	65	82	66	66	62	61	58	70	62	60	71	53	61	133	130	132	155	158	154	139	160	142	167	140	150	142	146	152	174	151	154	155	140	102	118	111	97	84	80	99	23	30	26	28	18	25	16	28	35	31	15	27	32	8	16	1614	1571	1505	1489	1482	1559	1644	1572	1621	1610	1573	1530	1524	1473	1440	1455	1525	1571	1654	1445
0:38:37	95	77	77	71	87	72	75	81	62	67	69	81	73	84	146	166	187	203	217	198	183	193	209	176	168	161	168	212	186	218	205	184	207	186	127	107	93	111	93	107	93	24	41	12	22	26	32	32	14	34	22	28	12	17	33	23	1941	2020	1952	1973	1963	1987	2021	2012	2060	1974	1982	1945	1929	1910	1890	1860	1919	1974	2059	1851
0:48:37	63	71	71	82	97	87	86	73	75	85	78	83	101	94	172	195	201	259	257	273	246	234	246	225	173	171	208	251	255	260	276	229	251	226	111	120	119	110	108	102	110	27	23	13	29	32	34	33	36	33	26	29	24	33	26	30	2308	2346	2364	2328	2344	2344	2366	2316	2413	2318	2312	2262	2277	2282	2189	2276	2275	2291	2364	2187
0:58:37	90	106	87	84	104	91	107	89	85	84	83	108	90	104	173	193	259	323	331	337	296	289	289	278	190	191	227	316	293	327	297	285	286	270	110	114	104	88	100	108	120	37	17	35	15	19	36	46	29	24	27	32	28	25	35	16	2551	2609	2603	2621	2622	2587	2656	2643	2730	2581	2644	2558	2524	2516	2503	2560	2470	2542	2590	2407
1:08:37	87	97	100	104	98	114	91	102	91	100	91	93	89	97	176	209	296	372	370	381	332	360	345	286	189	200	269	388	369	397	365	339	343	303	115	133	111	121	113	109	107	22	19	27	29	23	33	29	35	26	23	34	38	24	36	24	2788	2914	2886	2845	2884	2856	2881	2842	2941	2754	2902	2777	2814	2792	2687	2787	2860	2771	2831	2545
1:18:37	87	104	95	109	104	93	97	112	102	82	99	113	106	121	196	223	341	453	447	447	400	415	386	339	192	213	321	444	422	455	415	383	409	344	103	127	98	118	105	96	84	18	27	37	28	32	8	18	20	26	29	29	23	18	36	21	3101	3149	3150	3146	3122	3094	3092	3069	3039	2899	3087	3035	2982	3035	2993	3024	2938	3048	2996	2730
1:28:37	97	114	92	104	104	105	102	104	110	98	98	104	103	121	186	232	419	535	537	570	478	488	461	364	217	207	384	535	484	534	493	463	491	397	114	132	110	125	85	96	114	27	26	28	32	29	27	35	35	35	28	19	29	22	25	33	3259	3407	3373	3382	3327	3369	3380	3307	3340	3134	3355	3285	3244	3260	3197	3345	3439	3247	3257	2893
1:38:37	104	107	108	114	109	119	106	109	110	109	94	90	99	111	207	249	482	676	626	667	555	588	533	413	200	226	457	664	592	653	586	537	571	444	118	111	111	111	118	104	103	29	22	21	32	29	32	28	28	39	26	23	33	42	31	22	3559	3655	3596	3600	3546	3632	3632	3520	3540	3278	3680	3493	3540	3549	3435	3573	3431	3489	3422	3098
1:48:37	121	109	111	113	105	122	124	100	99	99	113	104	113	106	198	231	572	778	740	791	648	675	622	455	187	216	544	777	692	764	677	632	655	502	126	109	113	119	104	105	102	31	20	26	21	27	22	39	28	29	33	32	39	38	22	30	3751	3880	3812	3829	3874	3935	3857	3719	3892	3463	3864	3764	3787	3785	3742	3806	3734	3800	3640	3282
1:58:37	115	100	117	110	105	123	96	101	94	108	98	106	110	116	176	238	645	916	864	964	775	794	736	497	184	220	625	919	828	902	806	722	758	573	109	120	101	110	112	96	105	25	27	20	31	27	15	21	20	9	18	44	24	29	21	23	4095	4115	3986	4072	4112	4179	4141	4017	4023	3590	4100	4020	4019	4012	3946	4171	3980	4013	3932	3492
2:08:37	127	113	110	108	120	111	109	90	104	107	95	99	111	113	187	236	744	1062	1009	1096	920	904	852	552	192	222	702	1077	930	1061	939	822	917	638	121	125	108	116	104	114	108	19	27	37	37	28	27	32	21	25	33	25	31	27	16	14	4310	4308	4253	4316	4319	4425	4401	4303	4365	3846	4317	4166	4216	4275	4240	4284	4254	4183	4132	3692
2:18:37	101	110	111	109	98	119	108	90	123	90	104	107	103	110	200	239	811	1199	1223	1256	1032	1065	986	634	198	236	762	1220	1089	1213	1109	973	1045	718	105	128	109	128	113	121	107	23	11	30	16	26	29	31	21	7	33	33	25	32	25	36	4463	4446	4356	4575	4585	4654	4626	4504	4549	4089	4434	4335	4442	4456	4462	4524	4395	4477	4401	3982
2:28:37	104	96	114	114	120	119	126	98	100	96	119	97	126	105	206	255	880	1351	1317	1413	1213	1253	1132	693	186	239	863	1384	1204	1345	1236	1104	1164	823	105	133	96	126	108	106	118	9	25	31	30	25	29	36	19	13	22	35	11	34	25	20	4638	4593	4517	4586	4742	4838	4878	4728	4823	4286	4659	4557	4593	4585	4722	4674	4634	4681	4651	4108
2:38:37	111	109	102	108	114	114	112	107	112	93	88	107	105	114	244	244	995	1484	1506	1595	1410	1417	1249	800	216	266	920	1508	1355	1536	1377	1265	1315	932	126	115	106	114	106	107	116	22	21	22	37	17	22	35	32	24	22	18	33	19	34	30	4769	4698	4577	4833	4821	5088	5076	4844	5034	4582	4700	4612	4810	4821	4841	4860	4812	4852	4811	4338
2:48:37	105	113	114	119	99	114	114	98	94	99	102	95	109	107	204	257	1049	1663	1673	1772	1511	1609	1405	862	223	280	942	1681	1520	1723	1570	1420	1496	1045	124	121	106	109	119	112	112	18	38	14	20	21	36	41	26	20	25	18	24	20	29	34	4847	4772	4691	4873	4935	5161	5289	5049	5201	4813	4836	4800	4918	4829	4963	4949	4915	5043	5003	4624
2:58:37	94	103	117	120	112	121	119	103	116	109	102	108	115	127	198	275	1145	1808	1871	1971	1692	1841	1601	969	213	255	1015	1872	1705	1903	1738	1599	1652	1171	113	125	116	111	122	115	112	30	39	38	24	22	23	31	33	32	25	17	23	24	19	28	4921	4808	4843	4952	5106	5286	5465	5245	5401	4972	4929	4768	4897	5027	5215	5031	5046	5126	5222	4847
3:08:37	121	109	115	134	96	135	119	113	124	112	120	125	137	116	213	280	1218	2055	2068	2230	1895	2044	1789	1074	229	287	1062	2094	1853	2138	1917	1731	1855	1348	145	121	119	119	111	100	103	27	37	25	31	15	35	34	14	24	38	15	24	30	29	28	4936	4810	4791	5003	5180	5349	5589	5361	5553	5273	4898	4830	5031	5075	5225	5120	5128	5253	5317	5160
3:18:37	108	114	129	131	116	117	120	116	117	131	118	123	146	123	215	285	1275	2210	2240	2456	2072	2297	1964	1176	236	262	1078	2363	1983	2331	2093	1972	2070	1474	119	116	109	120	114	114	119	21	34	33	27	30	38	28	22	31	25	17	26	28	18	24	5010	4886	4891	4995	5219	5335	5716	5444	5598	5569	4939	4938	5094	5187	5352	5171	5163	5417	5500	5478
3:28:37	97	110	131	138	119	129	146	104	110	121	140	137	122	120	240	277	1277	2467	2525	2680	2306	2542	2158	1331	237	294	1118	2570	2166	2612	2306	2217	2291	1625	135	122	106	113	122	104	116	22	21	33	22	36	33	39	16	15	20	25	30	19	36	26	5107	5099	5102	5240	5338	5417	5795	5578	5712	5835	5028	5170	5314	5304	5447	5240	5238	5448	5606	5664
3:38:37	118	129	128	140	136	132	153	123	116	137	166	138	139	140	240	277	1320	2687	2772	2962	2515	2821	2408	1410	256	292	1129	2812	2372	2879	2611	2441	2589	1751	119	135	118	103	122	103	120	30	37	34	27	28	21	46	31	25	22	38	24	29	19	27	5135	5445	5431	5465	5403	5518	5903	5590	5776	6138	5257	5349	5660	5644	5529	5514	5303	5407	5703	5892
3:48:37	122	138	136	152	160	139	147	127	124	141	159	153	143	154	246	295	1290	2878	3060	3214	2855	3060	2696	1559	246	273	1161	2915	2582	3082	2912	2654	2840	1950	146	134	114	129	107	107	116	39	43	19	38	13	41	41	27	34	19	24	19	17	25	30	5283	5710	5680	5828	5647	5868	5967	5678	5888	6369	5547	5652	5960	5961	5789	5753	5690	5545	5726	6098
3:58:37	130	131	153	152	154	150	161	110	127	153	173	171	159	149	258	280	1329	3071	3270	3459	3131	3359	2990	1685	237	281	1165	3142	2827	3430	3202	3022	3181	2118	130	127	110	124	112	131	113	27	29	6	27	27	47	46	26	24	24	34	34	33	15	19	5435	5877	5954	6178	5991	6219	6277	5982	6118	6594	5913	5901	6171	6164	6043	6064	5972	5828	5887	6290
4:08:37	132	144	152	169	160	175	176	123	125	167	189	169	168	183	269	282	1345	3191	3496	3693	3361	3599	3295	1827	250	299	1138	3290	3059	3641	3563	3302	3462	2286	132	162	116	136	124	120	131	49	24	18	38	25	38	51	23	38	16	34	38	34	25	19	5543	6187	6300	6588	6479	6614	6616	6316	6444	6816	6229	6043	6410	6466	6468	6358	6258	6115	6155	6492
4:18:37	134	138	177	175	167	187	181	140	152	160	219	174	180	188	257	307	1380	3466	3743	3857	3670	3739	3511	1969	268	314	1168	3521	3274	3733	3771	3623	3694	2484	129	136	130	132	133	125	129	9	31	38	31	21	60	50	28	33	16	31	20	27	41	19	5723	6331	6557	6790	6718	6760	6917	6730	6878	6901	6534	6319	6717	6720	6806	6670	6536	6558	6517	6454
4:28:37	168	150	206	184	199	174	221	161	160	198	224	200	195	195	290	331	1380	3716	3910	4128	3899	3844	3825	2087	258	328	1165	3908	3466	3933	3998	3866	4047	2694	133	157	143	121	131	140	142	27	29	23	38	35	46	47	41	34	24	26	30	26	17	27	5955	6566	6927	7181	7168	7066	7251	7101	7161	7110	6811	6551	6784	7065	7168	6908	6824	6884	6951	6743
4:38:37	168	180	224	210	196	210	233	182	153	200	255	218	231	219	291	313	1394	4035	4197	4427	4121	4041	4038	2279	280	340	1199	4094	3634	4317	4095	4129	4166	2862	141	143	123	152	133	140	146	29	36	29	34	29	58	60	18	22	32	27	35	25	29	13	6283	6876	7251	7431	7580	7403	7551	7445	7511	7403	7110	6898	7162	7316	7515	7267	7158	7323	7251	6973
4:48:37	186	188	241	224	237	218	268	191	175	245	278	254	252	237	326	333	1356	4322	4521	4799	4299	4145	4224	2398	293	361	1175	4409	3909	4551	4250	4277	4311	3090	142	161	139	131	138	135	146	23	28	36	41	24	57	79	36	30	32	20	32	15	18	23	6606	7271	7689	7895	7945	7704	8038	7896	7824	7702	7288	7369	7627	7826	7889	7603	7499	7656	7677	7222
4:58:37	208	223	256	260	251	251	286	219	217	290	293	279	268	253	308	349	1399	4578	4824	5087	4640	4407	4358	2562	294	361	1217	4671	4093	4866	4576	4393	4501	3268	155	168	140	164	153	134	126	26	25	21	36	31	59	56	35	22	37	32	32	16	28	28	7052	7850	8311	8375	8306	8228	8436	8287	8302	7974	7834	7900	8349	8370	8287	8032	7954	8097	8163	7436
5:08:37	247	238	305	298	260	293	306	249	230	311	350	284	311	289	345	382	1443	4901	5129	5450	4877	4737	4463	2736	320	383	1178	4982	4388	5198	4820	4624	4643	3497	178	197	142	144	165	144	163	29	32	31	36	25	62	74	23	23	31	18	22	26	15	23	7465	8796	8958	9176	8854	8805	9028	8899	8838	8174	8294	8624	9423	9184	8806	8746	8626	8632	8494	7701
5:18:37	278	265	331	314	303	301	348	272	262	353	377	335	338	304	341	399	1432	5201	5522	5781	5126	4963	4711	2822	353	402	1239	5204	4767	5470	5095	4799	4875	3700	202	214	169	208	188	168	182	37	36	23	49	26	58	64	26	33	34	20	18	30	18	22	8201	10204	10005	10033	9582	9711	9704	9360	9559	8488	8946	9816	11033	10345	9440	9657	9386	9195	8968	8080
5:28:37	285	294	375	376	339	346	378	312	289	392	408	366	396	352	406	394	1498	5429	5666	6012	5401	5293	4991	2981	352	431	1279	5483	4989	5672	5263	5108	5228	3862	238	238	197	215	219	194	211	44	27	22	44	33	70	84	32	36	29	33	25	27	29	20	9186	11989	11402	11339	10437	11053	10644	10165	10256	8819	9888	11328	13078	11794	10146	11055	10641	9998	9614	8463
5:38:37	321	309	402	394	375	401	414	358	296	430	472	403	419	365	426	426	1532	5724	5942	6332	5748	5461	5205	3175	374	471	1303	5756	5335	6108	5518	5350	5411	4023	267	269	223	253	254	213	238	29	31	27	54	33	75	81	28	39	44	21	17	22	25	21	10566	13800	13216	12943	11252	12703	11767	11257	11284	9207	11095	13381	14876	13634	11218	12692	12328	10930	10399	8714
5:48:37	362	361	469	457	389	430	489	392	373	474	518	456	484	388	473	479	1549	5855	6263	6570	5930	5620	5468	3333	419	517	1343	6048	5583	6251	5715	5745	5654	4206	289	303	264	298	296	263	309	28	43	32	52	31	76	91	35	22	45	28	19	24	22	20	12280	15703	15038	14817	12493	14834	13354	12363	12450	9598	12883	15118	16567	15578	12468	14770	14078	12057	11312	9127
5:58:37	403	389	476	468	436	448	514	420	408	527	570	459	494	435	482	500	1593	6186	6480	6865	6166	5889	5767	3422	426	584	1375	6433	5774	6436	5999	5937	5921	4415	335	315	292	322	318	291	319	25	24	28	53	25	87	109	28	31	46	26	24	22	34	23	14106	17211	16794	16691	14001	16677	15160	14011	14032	10085	14850	16892	17799	17214	14105	16785	15890	13477	12502	9631
6:08:37	449	442	557	550	480	468	573	450	428	557	604	557	561	474	558	575	1669	6542	6881	7091	6311	6152	6088	3554	516	635	1445	6774	6032	6814	6179	6131	6148	4607	309	319	318	355	344	320	351	37	39	26	73	33	99	125	31	20	40	35	22	22	30	20	16008	18471	18089	18340	15669	18373	17168	15926	16005	10786	16583	17971	18855	18606	16050	18532	17720	15095	14104	10216
6:18:37	481	487	570	569	521	521	630	478	481	600	620	573	596	496	682	680	1703	6871	7102	7382	6586	6360	6318	3724	524	761	1537	7473	6094	7104	6510	6369	6391	4840	332	366	325	348	355	346	365	22	49	31	81	31	121	138	31	47	38	34	30	32	10	21	17572	19174	19018	19665	17415	19843	18836	17674	17591	11496	18225	18944	19617	19657	17842	19704	19177	16967	15888	10767
6:28:37	521	508	613	613	575	558	657	550	508	616	642	606	613	532	806	895	1828	7314	7476	7903	6786	6682	6610	3894	601	927	1698	8166	6385	7503	6751	6680	6765	5069	346	374	376	353	355	376	372	29	50	60	99	28	144	157	36	39	30	29	18	24	10	34	18870	19678	19633	20470	18945	20685	20097	19175	19431	12577	19327	19565	20052	20551	19396	20690	20069	18525	17721	11495
6:38:37	548	564	670	657	591	612	696	585	550	668	649	654	665	563	986	1093	1954	7934	7974	8496	7145	6995	6849	3979	695	1129	1861	9174	6461	8122	6985	6936	7052	5449	359	365	354	393	374	389	398	31	37	45	104	46	161	173	31	44	30	29	32	12	27	12	19553	20180	20275	21194	20442	21422	21162	20418	20674	14134	20309	19906	20347	21001	20652	21369	20713	19995	19328	12231
6:48:37	590	624	666	691	629	654	717	633	600	684	675	665	736	596	1197	1298	2176	8577	8952	9317	7580	7187	7222	4157	802	1395	2105	10198	6713	8930	7627	7234	7431	5710	362	379	390	404	368	385	414	39	46	52	121	40	174	218	45	52	39	18	25	26	30	32	20373	20505	20556	21664	21253	21793	22155	21535	21665	15986	20968	20475	20536	21394	21618	21915	21530	21000	20900	13135
6:58:37	635	624	711	696	687	674	735	642	640	693	697	689	736	662	1315	1523	2355	9370	9750	10133	8099	7671	7537	4277	1003	1617	2208	10966	6847	10007	8123	7604	7761	6016	369	411	377	410	373	402	407	43	53	48	125	36	196	213	49	40	43	29	23	22	3	33	20903	20852	20775	22202	22233	22231	22560	22219	22368	17579	21296	20820	20905	21629	22244	22259	21958	21875	21579	14397
7:08:37	702	672	721	729	710	745	782	657	670	700	713	724	752	701	1485	1686	2572	9953	10675	10882	8907	8252	7886	4489	1189	1754	2439	11785	7031	11025	8745	8055	8161	6341	358	401	380	394	398	431	406	41	54	63	136	36	206	212	41	42	36	22	26	22	22	24	21287	20871	21066	22310	22709	22699	23027	22689	22912	19519	21839	20971	21083	21966	22631	22568	22314	22491	22503	15922
7:18:37	683	728	760	743	742	743	810	674	687	727	732	742	769	716	1522	1814	2743	10436	11849	11630	9791	8972	8358	4729	1396	1866	2589	12248	7264	12180	9641	8681	8774	6673	379	405	384	394	386	407	432	40	56	59	141	38	192	226	42	46	34	19	28	12	20	17	21502	21087	21449	22628	23289	22872	23450	23199	23366	20707	22036	21124	21211	22234	23095	22933	22539	22939	23105	17649
7:28:37	719	733	783	784	752	757	809	699	707	744	728	759	801	767	1645	1860	2996	10823	12705	12187	10729	9854	8812	4993	1591	1959	2689	12706	7500	13230	10579	9327	9321	6990	404	414	420	422	415	415	425	37	56	58	135	41	206	229	54	42	45	25	21	22	33	32	21637	21209	21696	22815	23481	23114	23721	23712	23712	21729	22240	21229	21528	22374	23511	23100	22739	23397	23618	19210
7:38:37	718	748	810	804	774	800	842	708	759	750	742	767	783	792	1745	1973	3102	11245	13384	12601	11545	10868	9449	5306	1729	2099	2793	12741	7584	14044	11551	10199	10051	7283	382	426	413	397	405	435	432	54	48	53	154	45	212	230	47	47	54	29	26	21	27	42	21774	21428	21461	23103	23803	23285	23919	23637	24025	22551	22328	21327	21560	22649	23608	23195	22842	23533	23567	20692
7:48:37	736	769	777	787	768	828	872	721	751	790	762	773	831	792	1851	1975	3115	11474	13984	12956	12326	11739	10214	5612	1852	2136	2891	13020	7739	14697	12301	11047	10854	7657	411	431	387	430	423	437	446	35	46	70	129	44	211	244	49	48	47	26	23	25	12	32	22003	21672	21718	23240	23833	23501	24207	24000	24239	23164	22573	21584	21728	22644	23813	23455	23106	23859	24115	21743
7:58:37	762	772	819	819	800	813	854	755	778	798	763	812	869	825	1711	2014	3234	11608	14367	13249	13027	12650	11098	5852	1918	2182	2894	13157	7883	15102	13079	11810	11660	7925	410	430	398	428	421	442	453	56	45	58	135	44	221	236	49	49	59	25	23	35	27	19	22421	21751	21940	23303	23973	23590	24396	24077	24461	23521	22661	21561	21950	22708	23845	23468	23114	24023	24292	22407
8:08:37	805	784	855	839	815	856	866	773	788	792	778	828	820	866	1903	2101	3325	11661	14538	13604	13313	13341	11864	6147	1963	2210	2900	13207	8036	15330	13609	12606	12190	8337	414	424	415	449	440	436	445	46	68	55	136	48	214	241	49	57	49	24	31	25	30	30	22180	21691	22009	23373	24334	23695	24339	24128	24536	23556	22890	21675	22025	22840	24084	23713	23364	24120	24476	23216
8:18:37	804	822	849	843	840	834	920	772	781	819	802	867	878	861	1792	2106	3339	11784	14590	13633	13627	13921	12500	6486	2001	2251	2967	13286	8161	15523	13957	13217	12988	8654	410	427	431	459	445	462	452	54	63	56	143	56	202	239	50	41	59	33	33	26	20	21	22309	21937	22020	23461	24468	23892	24514	24348	24786	24107	22950	21822	21979	23078	24214	23717	23583	24325	24477	23828
8:28:37	792	814	864	843	849	849	900	787	834	828	826	873	889	896	1781	2100	3388	11857	14913	13557	13838	14354	13074	6825	2069	2264	2947	13339	8281	15691	14288	13735	13405	9161	423	442	434	445	428	452	465	42	66	59	164	38	226	256	46	39	47	36	28	5	17	30	22394	21903	22141	23582	24613	23993	24551	24600	24821	24264	23132	21975	21953	23215	24208	23945	23574	24322	24804	24338
8:38:37	845	859	872	882	880	893	936	829	835	861	841	871	904	914	1895	2149	3388	11816	14784	13608	14007	14633	13534	7178	2126	2266	3012	13337	8447	15995	14536	14078	13770	9725	428	435	444	457	452	455	473	55	54	82	135	57	212	244	47	51	40	25	27	23	25	25	22564	22059	22141	23747	24587	24172	24841	24722	24806	24405	23109	21989	22181	23207	24381	23791	23548	24633	24912	24353
8:48:37	842	860	898	890	890	911	937	823	860	864	866	904	928	939	1924	2099	3375	11858	14979	13700	14049	14792	14001	7447	2128	2268	3021	13270	8503	15990	14716	14294	14152	10196	433	446	453	469	440	472	485	48	56	76	146	58	202	251	55	57	49	38	34	18	21	36	22736	22277	22181	23754	24701	24248	24912	24666	25076	24548	23161	22160	22261	23431	24531	24088	23748	24743	25131	24718
8:58:37	860	893	918	918	891	915	973	850	882	873	865	923	972	944	1873	2173	3431	11879	14980	13715	14217	15015	14226	7817	2085	2295	3044	13290	8583	15940	14856	14388	14377	10948	430	458	462	468	449	442	473	43	57	62	148	52	208	261	45	52	55	27	27	35	24	20	22585	22169	22356	23987	24972	24253	24967	24890	24991	24537	23301	22264	22102	23311	24628	24319	23809	24765	25082	25030
9:08:37	857	917	959	926	925	906	980	886	881	876	879	920	933	984	1888	2139	3424	11994	14968	13754	14164	15030	14530	8080	2096	2256	3036	13315	8689	15976	14930	14701	14585	11688	448	449	453	491	442	489	488	48	59	61	141	56	222	245	67	52	51	21	22	16	19	31	22779	22390	22489	24010	24850	24305	25116	24841	25255	24716	23365	22238	22432	23509	24722	24277	24101	25025	25161	25048
9:18:37	892	906	972	974	948	959	979	867	907	915	859	917	966	975	1799	2167	3455	12029	15039	13524	14081	15185	14686	8389	2148	2278	3021	13393	8734	15957	14995	14643	14694	12328	458	443	452	458	472	487	487	50	65	64	134	53	229	242	58	37	50	27	14	28	27	22	22740	22322	22642	23875	25191	24491	25146	24868	25284	24814	23545	22257	22546	23747	24835	24309	24022	24927	25217	25323
9:28:37	901	937	964	992	948	971	1026	874	909	918	896	932	973	986	1852	2163	3441	11957	15009	13546	14271	15257	14859	8793	2191	2322	3062	13339	8908	15965	14955	14611	14683	13120	445	473	452	491	465	481	503	54	58	66	154	32	234	267	56	58	53	31	29	20	36	20	22898	22442	22571	24257	25192	24469	25315	25055	25326	24939	23614	22484	22794	23767	24961	24484	23979	25070	25458	25389
9:38:37	935	963	1003	980	946	975	1002	890	960	931	906	957	1003	1016	1849	2214	3425	12001	15000	13298	14220	15318	14913	9168	2152	2323	3024	13458	8902	16061	14840	14575	14751	13730	456	461	453	482	483	493	506	49	64	66	144	62	234	256	57	57	62	26	19	28	27	21	22987	22449	22789	24293	25341	24639	25362	25153	25398	25012	23700	22546	22665	23826	24920	24508	24247	25185	25512	25475
9:48:37	910	963	1003	990	984	959	1047	915	941	927	932	980	1019	1019	1890	2210	3452	12210	14931	13435	14227	15221	14956	9718	2192	2292	3070	13368	9004	16196	15060	14669	14915	14089	447	480	482	482	469	494	500	48	60	66	139	59	227	264	52	50	58	27	21	29	29	27	23148	22553	22803	24267	25487	24796	25557	25170	25508	25189	23744	22588	22723	23835	25109	24609	24368	25330	25655	25613
9:58:37	935	1009	1015	998	969	997	1095	947	977	929	937	981	1038	1027	1880	2152	3474	12094	15062	13311	14259	15377	14972	10103	2192	2335	3063	13393	9031	16196	15083	14707	14880	14554	444	474	463	516	496	508	487	61	65	57	141	47	220	246	48	61	62	25	26	12	23	22	23168	22551	22733	24296	25362	24814	25484	25302	25639	25185	23793	22661	22917	23920	25019	24848	24284	25422	25589	25816
10:08:37	962	996	1063	1015	1027	1043	1074	938	994	970	935	995	1060	1049	1785	2162	3473	12042	15022	13972	14311	15435	14974	10828	2195	2338	3031	13240	9051	16388	15114	14766	14860	14829	461	481	471	491	497	514	533	60	66	63	171	69	227	245	43	59	54	27	31	14	18	28	23219	22901	22940	24481	25409	25225	25524	25502	25656	25124	23948	22721	22887	24042	25222	24776	24465	25422	25796	25758
10:18:37	1038	1009	1038	1048	1023	1050	1088	952	1001	1024	961	1067	1058	1089	1902	2217	3458	12127	15006	13340	14285	15465	14931	11680	2275	2323	3068	13386	9125	16401	15150	14718	15004	15105	477	497	478	518	495	501	519	50	50	68	156	60	241	274	50	55	66	25	23	9	19	14	23188	22751	22942	24529	25490	24900	25618	25645	25728	25402	23912	22739	22946	24030	25089	24772	24510	25636	25865	25957
10:28:37	985	1020	1067	1054	1035	1077	1101	1008	1005	1013	980	1047	1088	1103	1895	2213	3526	12382	15205	13676	14285	15440	15140	12257	2238	2283	3056	13437	9066	16556	15131	14743	14966	15114	448	506	498	496	505	512	516	53	72	67	146	37	235	275	63	64	55	25	18	24	33	16	23404	22775	23043	24662	25618	25073	25606	25457	25766	25286	24196	23002	23054	24178	25372	24979	24562	25570	25704	26117
10:38:37	1004	1063	1089	1042	1066	1078	1103	1021	1026	1042	984	1075	1091	1120	1859	2215	3465	12047	14952	13495	14355	15488	15220	12892	2239	2373	3082	13447	9137	16454	15093	14840	15103	15332	470	492	484	513	521	527	548	50	49	51	145	63	227	248	53	45	53	27	39	15	32	26	23417	22841	23043	24724	25640	25071	25597	25603	25961	25344	24044	22829	23192	24280	25380	24922	24625	25776	25896	26016
10:48:37	1017	1055	1077	1098	1091	1075	1182	984	1034	1029	990	1092	1127	1140	1885	2183	3500	12106	14934	13881	14346	15540	15166	13564	2246	2345	3053	13477	9150	16592	15081	14858	14974	15426	461	505	495	513	511	535	541	62	70	64	158	59	232	252	60	55	60	26	18	21	15	17	23574	23056	23106	24753	25724	25176	25914	25745	26168	25738	24137	22977	23310	24449	25396	25193	24575	25958	25967	26296
10:58:37	1065	1093	1121	1086	1081	1132	1142	1034	1076	1048	1006	1096	1129	1169	2031	2213	3518	12151	15049	13631	14403	15662	15051	14176	2280	2353	3066	13473	9235	16514	15165	14783	15130	15502	476	519	487	521	519	544	536	68	55	82	171	64	242	272	56	62	65	23	16	13	24	30	23511	23042	23056	24719	25783	25232	25577	25704	25978	25577	24283	23086	23291	24642	25435	25194	24717	25908	26061	26319
11:08:37	1024	1098	1118	1118	1127	1131	1168	1038	1087	1059	1033	1100	1128	1191	1893	2229	3492	12030	15126	13471	14348	15582	15177	14455	2299	2361	3132	13614	9287	16494	15137	14895	15201	15506	465	498	481	490	507	546	557	59	51	67	152	50	251	267	57	60	58	28	18	25	29	22	23510	23198	23383	24929	25785	25222	25998	25655	26122	25726	24403	23254	23475	24733	25491	25294	24879	25847	25874	26356
11:18:37	1045	1090	1130	1127	1125	1171	1206	1067	1131	1065	1013	1115	1168	1150	1876	2214	3513	11982	15055	13539	14357	15511	15198	14941	2293	2342	3063	13447	9365	16530	15338	14827	15052	15570	500	524	476	530	508	543	562	53	71	74	153	59	228	238	71	56	53	43	22	29	10	40	23591	23179	23288	25100	25857	25315	25920	25919	26312	25619	24208	23400	23367	24781	25685	25346	24785	25945	25997	26454
11:28:37	1069	1133	1164	1171	1157	1149	1236	1060	1101	1123	1053	1139	1171	1210	1876	2225	3517	12158	15185	13351	14502	15526	15128	14962	2255	2351	3085	13457	9314	16706	15259	14797	15148	15725	508	526	494	531	545	534	575	60	59	68	149	53	222	284	65	61	55	25	11	24	40	17	23672	23396	23304	25070	26260	25549	25937	25910	26219	25636	24408	23334	23625	24700	25637	25421	25019	26032	26092	26510
11:38:37	1081	1156	1177	1145	1164	1185	1229	1094	1144	1115	1059	1141	1193	1219	1966	2219	3473	12143	15114	13458	14385	15569	15096	15164	2281	2335	3055	13456	9346	16674	15275	14864	15200	15614	485	522	511	549	526	549	558	64	57	67	159	51	242	268	54	50	62	25	33	26	25	16	23628	23380	23377	25023	26171	25517	26006	26050	26387	25824	24444	23375	23581	24763	25893	25299	25114	26209	26183	26708
11:48:37	1113	1153	1185	1190	1174	1191	1236	1110	1140	1121	1099	1184	1230	1260	1880	2253	3483	12184	15176	13274	14463	15662	15205	15301	2278	2392	3096	13486	9384	16673	15222	14893	15165	15743	498	520	528	538	535	554	560	56	43	76	155	51	235	271	61	68	59	27	25	24	18	21	23697	23431	23367	25308	26108	25640	26181	25961	26435	25966	24477	23372	23648	24941	25900	25588	24989	26299	26311	26756
11:58:37	1134	1173	1177	1204	1167	1211	1247	1130	1169	1118	1100	1196	1227	1270	1953	2271	3515	12193	15093	13266	14653	15586	15203	15533	2223	2342	3078	13469	9476	16764	15189	14856	15223	15795	517	525	516	532	551	563	562	52	51	73	148	54	248	251	67	56	54	49	23	25	24	25	23693	23469	23635	25338	26190	25696	26086	26044	26435	25989	24533	23558	23685	25068	25851	25552	24936	26223	26335	26883
12:08:37	1136	1187	1210	1209	1176	1229	1266	1096	1174	1141	1092	1187	1223	1271	1896	2254	3521	12159	15102	13311	14525	15665	15150	15452	2286	2374	3075	13451	9442	16710	15195	14861	15231	15820	497	536	517	535	536	564	566	60	75	75	169	62	227	275	64	58	64	19	29	33	18	24	23788	23433	23500	25234	26266	25729	26466	26022	26367	26081	24707	23573	23712	24862	25838	25649	25006	26493	26459	26893
